order=2
locs(x)
-0.666666666666667
0.333333333333333
-0.666666666666667
locs(y)
-0.666666666666667
-0.666666666666667
0.333333333333333
weights
0.666666666667
0.666666666667
0.666666666667

order=3
locs(x)
-0.816847572980458
0.633695145960917
-0.816847572980459
-0.108103018168070
-0.783793963663860
-0.108103018168070
locs(y)
-0.816847572980458
-0.816847572980459
0.633695145960917
-0.108103018168070
-0.108103018168070
-0.783793963663860
weights
0.219903487311
0.219903487311
0.219903487311
0.446763179356
0.446763179356
0.446763179356

order=4
locs(x)
-0.816847572980458
0.633695145960917
-0.816847572980459
-0.108103018168070
-0.783793963663860
-0.108103018168070
locs(y)
-0.816847572980458
-0.816847572980459
0.633695145960917
-0.108103018168070
-0.108103018168070
-0.783793963663860
weights
0.219903487311
0.219903487311
0.219903487311
0.446763179356
0.446763179356
0.446763179356

order=5
locs(x)
-0.333333333333333
-0.059715871789770
-0.880568256420460
-0.059715871789770
-0.797426985353087
0.594853970706175
-0.797426985353087
locs(y)
-0.333333333333333
-0.059715871789770
-0.059715871789770
-0.880568256420460
-0.797426985353087
-0.797426985353087
0.594853970706175
weights
0.45
0.264788305577
0.264788305577
0.264788305577
0.25187836109
0.25187836109
0.25187836109

order=6
locs(x)
-0.501426509658179
0.002853019316358
-0.501426509658179
-0.873821971016996
0.747643942033991
-0.873821971016996
-0.379295097932431
-0.893709900310366
0.273004998242797
-0.893709900310366
0.273004998242797
-0.379295097932431
locs(y)
-0.501426509658179
-0.501426509658179
0.002853019316358
-0.873821971016996
-0.873821971016996
0.747643942033991
-0.893709900310366
-0.379295097932431
-0.893709900310366
0.273004998242797
-0.379295097932431
0.273004998242797
weights
0.233572551453
0.233572551453
0.233572551453
0.10168981274
0.10168981274
0.10168981274
0.165702151237
0.165702151237
0.165702151237
0.165702151237
0.165702151237
0.165702151237

order=7
locs(x)
-0.158765070723907
-0.682469858552186
-0.158765070723907
-0.901937632421608
0.803875264843215
-0.901937632421608
-0.696696002590528
0.393392005181056
-0.696696002590528
0.348275575962283
-0.375762055856278
-0.972513520106005
-0.375762055856278
-0.972513520106005
0.348275575962283
locs(y)
-0.158765070723907
-0.158765070723907
-0.682469858552186
-0.901937632421608
-0.901937632421608
0.803875264843215
-0.696696002590528
-0.696696002590528
0.393392005181056
-0.375762055856278
0.348275575962283
-0.375762055856278
-0.972513520106005
0.348275575962283
-0.972513520106005
weights
0.27840295935
0.27840295935
0.27840295935
0.0636538826571
0.0636538826571
0.0636538826571
0.16864264676
0.16864264676
0.16864264676
0.0779835889497
0.0779835889497
0.0779835889497
0.0779835889497
0.0779835889497
0.0779835889497

order=8
locs(x)
-0.333333333333333
-0.081414823414554
-0.837170353170893
-0.081414823414554
-0.658861384496480
0.317722768992959
-0.658861384496480
-0.898905543365938
0.797811086731876
-0.898905543365938
-0.473774340730724
0.456984785910809
-0.983210445180085
0.456984785910809
-0.983210445180085
-0.473774340730724
locs(y)
-0.333333333333333
-0.081414823414554
-0.081414823414554
-0.837170353170893
-0.658861384496480
-0.658861384496480
0.317722768992959
-0.898905543365938
-0.898905543365938
0.797811086731876
0.456984785910809
-0.473774340730724
0.456984785910809
-0.983210445180085
-0.473774340730724
-0.983210445180085
weights
0.288631215356
0.190183268535
0.190183268535
0.190183268535
0.206434741069
0.206434741069
0.206434741069
0.0649169952464
0.0649169952464
0.0649169952464
0.0544606283489
0.0544606283489
0.0544606283489
0.0544606283489
0.0544606283489
0.0544606283489

order=9
locs(x)
-0.333333333333333
-0.020634961602525
-0.958730076794950
-0.020634961602525
-0.125820817014127
-0.748358365971746
-0.125820817014127
-0.623592928761935
0.247185857523869
-0.623592928761935
-0.910540973211095
0.821081946422189
-0.910540973211095
0.482397197568996
-0.556074021678469
-0.926323175890527
-0.556074021678469
-0.926323175890527
0.482397197568996
locs(y)
-0.333333333333333
-0.020634961602525
-0.020634961602525
-0.958730076794950
-0.125820817014127
-0.125820817014127
-0.748358365971746
-0.623592928761935
-0.623592928761935
0.247185857523869
-0.910540973211095
-0.910540973211095
0.821081946422189
-0.556074021678469
0.482397197568996
-0.556074021678469
-0.926323175890527
0.482397197568996
-0.926323175890527
weights
0.194271592566
0.0626694004543
0.0626694004543
0.0626694004543
0.15565508201
0.15565508201
0.15565508201
0.159295477854
0.159295477854
0.159295477854
0.0511553513174
0.0511553513174
0.0511553513174
0.0865670787546
0.0865670787546
0.0865670787546
0.0865670787546
0.0865670787546
0.0865670787546

order=10
locs(x)
-0.333333333333333
-0.004269134091050
-0.991461731817899
-0.004269134091050
-0.143975100541888
-0.712049798916225
-0.143975100541888
-0.630487174513551
0.260974349027102
-0.630487174513551
-0.959037562856645
0.918075125713290
-0.959037562856645
-0.726852847487933
0.656846867693389
-0.929994020205456
0.656846867693389
-0.929994020205456
-0.726852847487933
-0.334512798822723
0.259414658305837
-0.924901859483115
0.259414658305837
-0.924901859483115
-0.334512798822723
locs(y)
-0.333333333333333
-0.004269134091050
-0.004269134091050
-0.991461731817899
-0.143975100541888
-0.143975100541888
-0.712049798916225
-0.630487174513551
-0.630487174513551
0.260974349027102
-0.959037562856645
-0.959037562856645
0.918075125713290
0.656846867693389
-0.726852847487933
0.656846867693389
-0.929994020205456
-0.726852847487933
-0.929994020205456
0.259414658305837
-0.334512798822723
0.259414658305837
-0.924901859483115
-0.334512798822723
-0.924901859483115
weights
0.16704679961
0.0144597011841
0.0144597011841
0.0144597011841
0.148984355842
0.148984355842
0.148984355842
0.157292946806
0.157292946806
0.157292946806
0.0138566461742
0.0138566461742
0.0138566461742
0.0590366406696
0.0590366406696
0.0590366406696
0.0590366406696
0.0590366406696
0.0590366406696
0.0791587343921
0.0791587343921
0.0791587343921
0.0791587343921
0.0791587343921
0.0791587343921

order=11
locs(x)
-0.333333333333333
-0.008227986519701
-0.983544026960598
-0.008227986519701
-0.123062767323470
-0.753874465353061
-0.123062767323470
-0.579583807314522
0.159167614629044
-0.579583807314522
-0.794793191450311
0.589586382900622
-0.794793191450311
-0.943045809035533
0.886091618071066
-0.943045809035533
-0.701412405190965
0.686811031831200
-0.985398626640235
0.686811031831200
-0.985398626640235
-0.701412405190966
-0.420944470627256
0.328932876191794
-0.907988405564538
0.328932876191794
-0.907988405564538
-0.420944470627256
locs(y)
-0.333333333333333
-0.008227986519701
-0.008227986519701
-0.983544026960598
-0.123062767323470
-0.123062767323470
-0.753874465353061
-0.579583807314522
-0.579583807314522
0.159167614629044
-0.794793191450311
-0.794793191450311
0.589586382900622
-0.943045809035533
-0.943045809035533
0.886091618071066
0.686811031831200
-0.701412405190965
0.686811031831200
-0.985398626640235
-0.701412405190966
-0.985398626640235
0.328932876191794
-0.420944470627256
0.328932876191794
-0.907988405564538
-0.420944470627256
-0.907988405564538
weights
0.171542269659
0.0332323096481
0.0332323096481
0.0332323096481
0.134650934562
0.134650934562
0.134650934562
0.141045284214
0.141045284214
0.141045284214
0.0772553524094
0.0772553524094
0.0772553524094
0.0208516933118
0.0208516933118
0.0208516933118
0.0205564541301
0.0205564541301
0.0205564541301
0.0205564541301
0.0205564541301
0.0205564541301
0.0806687138543
0.0806687138543
0.0806687138543
0.0806687138543
0.0806687138543
0.0806687138543

order=12
locs(x)
-0.115127288420454
-0.769745423159092
-0.115127288420454
-0.241326933740970
-0.517346132518060
-0.241326933740970
-0.773435586772427
0.546871173544855
-0.773435586772427
-0.550360151853422
0.100720303706844
-0.550360151853422
-0.949850839686919
0.899701679373837
-0.949850839686919
-0.023247583079632
-0.953504833840737
-0.023247583079632
0.701114686742190
-0.956341185792092
-0.744773500950097
-0.956341185792092
-0.744773500950097
0.701114686742189
0.280974603820889
-0.820754518409649
-0.460220085411240
-0.820754518409649
-0.460220085411240
0.280974603820889
0.380092839755442
-0.412599349012509
-0.967493490742933
-0.412599349012509
-0.967493490742933
0.380092839755442
locs(y)
-0.115127288420454
-0.115127288420454
-0.769745423159092
-0.241326933740970
-0.241326933740970
-0.517346132518060
-0.773435586772427
-0.773435586772427
0.546871173544855
-0.550360151853422
-0.550360151853422
0.100720303706844
-0.949850839686919
-0.949850839686919
0.899701679373837
-0.023247583079632
-0.023247583079632
-0.953504833840737
-0.956341185792092
0.701114686742190
-0.956341185792092
-0.744773500950097
0.701114686742189
-0.744773500950097
-0.820754518409649
0.280974603820889
-0.820754518409649
-0.460220085411240
0.280974603820889
-0.460220085411240
-0.412599349012509
0.380092839755442
-0.412599349012509
-0.967493490742933
0.380092839755442
-0.967493490742933
weights
0.0886940508124
0.0886940508124
0.0886940508124
0.0834866389705
0.0834866389705
0.0834866389705
0.061949370457
0.061949370457
0.061949370457
0.0969267446078
0.0969267446078
0.0969267446078
0.0162847158134
0.0162847158134
0.0162847158134
0.0477301622095
0.0477301622095
0.0477301622095
0.0307404781721
0.0307404781721
0.0307404781721
0.0307404781721
0.0307404781721
0.0307404781721
0.0733642951839
0.0733642951839
0.0733642951839
0.0733642951839
0.0733642951839
0.0733642951839
0.031692718542
0.031692718542
0.031692718542
0.031692718542
0.031692718542
0.031692718542

order=13
locs(x)
-0.333333333333333
-0.178369512906405
-0.643260974187191
-0.178369512906405
-0.542160866418819
0.084321732837639
-0.542160866418819
-0.771083702251175
0.542167404502350
-0.771083702251175
-0.951222762153923
0.902445524307847
-0.951222762153923
-0.071124044893491
-0.857751910213018
-0.071124044893491
0.089497598920545
-0.972567007080596
-0.116930591839948
-0.972567007080596
-0.116930591839948
0.089497598920545
0.708303576893352
-0.752827405974001
-0.955476170919351
-0.752827405974001
-0.955476170919351
0.708303576893352
0.400693795223418
-0.438009873048077
-0.962683922175342
-0.438009873048076
-0.962683922175342
0.400693795223419
-0.461147708177324
-0.809703416305633
0.270851124482956
-0.809703416305633
0.270851124482956
-0.461147708177324
locs(y)
-0.333333333333333
-0.178369512906405
-0.178369512906405
-0.643260974187191
-0.542160866418819
-0.542160866418819
0.084321732837639
-0.771083702251175
-0.771083702251175
0.542167404502350
-0.951222762153923
-0.951222762153923
0.902445524307847
-0.071124044893491
-0.071124044893491
-0.857751910213018
-0.972567007080596
0.089497598920545
-0.972567007080596
-0.116930591839948
0.089497598920545
-0.116930591839948
-0.752827405974001
0.708303576893352
-0.752827405974001
-0.955476170919351
0.708303576893352
-0.955476170919351
-0.438009873048077
0.400693795223418
-0.438009873048076
-0.962683922175342
0.400693795223419
-0.962683922175342
-0.809703416305633
-0.461147708177324
-0.809703416305633
0.270851124482956
-0.461147708177324
0.270851124482956
weights
0.0976498802566
0.0908303924353
0.0908303924353
0.0908303924353
0.0936881722984
0.0936881722984
0.0936881722984
0.0626366257669
0.0626366257669
0.0626366257669
0.0153841230588
0.0153841230588
0.0153841230588
0.0633364118507
0.0633364118507
0.0633364118507
0.0173631128952
0.0173631128952
0.0173631128952
0.0173631128952
0.0173631128952
0.0173631128952
0.0302035193132
0.0302035193132
0.0302035193132
0.0302035193132
0.0302035193132
0.0302035193132
0.0329541206354
0.0329541206354
0.0329541206354
0.0329541206354
0.0329541206354
0.0329541206354
0.0735997377417
0.0735997377417
0.0735997377417
0.0735997377417
0.0735997377417
0.0735997377417

order=14
locs(x)
-0.333333333333333
-0.031437623162377
-0.937124753675245
-0.031437623162377
-0.190179067155837
-0.619641865688325
-0.190179067155837
-0.544945017724160
0.089890035448320
-0.544945017724160
-0.829084434528895
0.658168869057790
-0.829084434528895
-0.961731843229187
0.923463686458374
-0.961731843229187
-0.228055909294146
0.200257489743243
-0.972201580449098
0.200257489743243
-0.972201580449097
-0.228055909294146
-0.801926305237733
0.769518568627872
-0.967592263390139
0.769518568627872
-0.967592263390139
-0.801926305237733
-0.544893784145096
0.504355701557747
-0.959461917412651
0.504355701557747
-0.959461917412651
-0.544893784145095
-0.288429073961769
0.109399611316741
-0.820970537354972
0.109399611316741
-0.820970537354972
-0.288429073961769
-0.593507885280605
0.397658756992448
-0.804150871711842
0.397658756992447
-0.804150871711842
-0.593507885280605
locs(y)
-0.333333333333333
-0.031437623162377
-0.031437623162377
-0.937124753675245
-0.190179067155837
-0.190179067155837
-0.619641865688325
-0.544945017724160
-0.544945017724160
0.089890035448320
-0.829084434528895
-0.829084434528895
0.658168869057790
-0.961731843229187
-0.961731843229187
0.923463686458374
0.200257489743243
-0.228055909294146
0.200257489743243
-0.972201580449098
-0.228055909294146
-0.972201580449097
0.769518568627872
-0.801926305237733
0.769518568627872
-0.967592263390139
-0.801926305237733
-0.967592263390139
0.504355701557747
-0.544893784145096
0.504355701557747
-0.959461917412651
-0.544893784145095
-0.959461917412651
0.109399611316741
-0.288429073961769
0.109399611316741
-0.820970537354972
-0.288429073961769
-0.820970537354972
0.397658756992448
-0.593507885280605
0.397658756992447
-0.804150871711842
-0.593507885280605
-0.804150871711842
weights
0.0860161619403
0.0208610425815
0.0208610425815
0.0208610425815
0.0849065774338
0.0849065774338
0.0849065774338
0.0944129556944
0.0944129556944
0.0944129556944
0.0369314205301
0.0369314205301
0.0369314205301
0.00956685922343
0.00956685922343
0.00956685922343
0.0238733321026
0.0238733321026
0.0238733321026
0.0238733321026
0.0238733321026
0.0238733321026
0.0180065419689
0.0180065419689
0.0180065419689
0.0180065419689
0.0180065419689
0.0180065419689
0.0301179133575
0.0301179133575
0.0301179133575
0.0301179133575
0.0301179133575
0.0301179133575
0.0670353351442
0.0670353351442
0.0670353351442
0.0670353351442
0.0670353351442
0.0670353351442
0.0566247560385
0.0566247560385
0.0566247560385
0.0566247560385
0.0566247560385
0.0566247560385

order=15
locs(x)
-0.083438407261750
-0.833123185476500
-0.083438407261750
-0.192779070841739
-0.614441858316522
-0.192779070841739
-0.413605664173949
-0.172788671652101
-0.413605664173949
-0.707064426114454
0.414128852228908
-0.707064426114454
-0.887274264668793
0.774548529337586
-0.887274264668793
-0.966849746283259
0.933699492566519
-0.966849746283259
-0.520930891690411
0.501106485071962
-0.980175593381550
0.501106485071962
-0.980175593381550
-0.520930891690411
-0.190242385363320
0.158634844102864
-0.968392458739544
0.158634844102864
-0.968392458739544
-0.190242385363320
-0.809995773773910
0.799708556139969
-0.989712782366059
0.799708556139969
-0.989712782366059
-0.809995773773910
-0.700493785355452
0.602649133849474
-0.902155348494022
0.602649133849474
-0.902155348494023
-0.700493785355452
-0.426160775117330
0.288623277852292
-0.862462502734962
0.288623277852292
-0.862462502734962
-0.426160775117330
-0.436328663801831
0.099519827552432
-0.663191163750602
0.099519827552432
-0.663191163750602
-0.436328663801831
locs(y)
-0.083438407261750
-0.083438407261750
-0.833123185476500
-0.192779070841739
-0.192779070841739
-0.614441858316522
-0.413605664173949
-0.413605664173949
-0.172788671652101
-0.707064426114454
-0.707064426114454
0.414128852228908
-0.887274264668793
-0.887274264668793
0.774548529337586
-0.966849746283259
-0.966849746283259
0.933699492566519
0.501106485071962
-0.520930891690411
0.501106485071962
-0.980175593381550
-0.520930891690411
-0.980175593381550
0.158634844102864
-0.190242385363320
0.158634844102864
-0.968392458739544
-0.190242385363320
-0.968392458739544
0.799708556139969
-0.809995773773910
0.799708556139969
-0.989712782366059
-0.809995773773910
-0.989712782366059
0.602649133849474
-0.700493785355452
0.602649133849474
-0.902155348494022
-0.700493785355452
-0.902155348494023
0.288623277852292
-0.426160775117330
0.288623277852292
-0.862462502734962
-0.426160775117330
-0.862462502734962
0.099519827552432
-0.436328663801831
0.099519827552432
-0.663191163750602
-0.436328663801831
-0.663191163750602
weights
0.0653236376976
0.0653236376976
0.0653236376976
0.0548256360627
0.0548256360627
0.0548256360627
0.0530200731974
0.0530200731974
0.0530200731974
0.058431924273
0.058431924273
0.058431924273
0.0211692161325
0.0211692161325
0.0211692161325
0.00722928612818
0.00722928612818
0.00722928612818
0.0170554962034
0.0170554962034
0.0170554962034
0.0170554962034
0.0170554962034
0.0170554962034
0.0278323530334
0.0278323530334
0.0278323530334
0.0278323530334
0.0278323530334
0.0278323530334
0.00858386588147
0.00858386588147
0.00858386588147
0.00858386588147
0.00858386588147
0.00858386588147
0.0324706585635
0.0324706585635
0.0324706585635
0.0324706585635
0.0324706585635
0.0324706585635
0.0512146818425
0.0512146818425
0.0512146818425
0.0512146818425
0.0512146818425
0.0512146818425
0.0661763910633
0.0661763910633
0.0661763910633
0.0661763910633
0.0661763910633
0.0661763910633

order=16
locs(x)
-0.333333333333333
-0.015796436959213
-0.968407126081574
-0.015796436959213
-0.087376299046785
-0.825247401906431
-0.087376299046785
-0.640498098534045
0.280996197068091
-0.640498098534045
-0.828211591878549
0.656423183757099
-0.828211591878549
-0.977882767295650
0.955765534591299
-0.977882767295650
-0.648594849699253
0.619534954455185
-0.970940104755933
0.619534954455185
-0.970940104755933
-0.648594849699253
-0.355089058161032
0.324703448463838
-0.969614390302806
0.324703448463838
-0.969614390302806
-0.355089058161032
-0.863082725186344
0.829810165174004
-0.966727439987660
0.829810165174004
-0.966727439987660
-0.863082725186344
-0.650110471151428
0.511910525190604
-0.861800054039176
0.511910525190604
-0.861800054039176
-0.650110471151428
-0.282624366842035
0.131065359625217
-0.848440992783182
0.131065359625217
-0.848440992783182
-0.282624366842035
-0.500121711290305
0.333566061453817
-0.833444350163512
0.333566061453817
-0.833444350163512
-0.500121711290305
-0.353308953197778
-0.027538833736648
-0.619152213065573
-0.027538833736648
-0.619152213065573
-0.353308953197778
locs(y)
-0.333333333333333
-0.015796436959213
-0.015796436959213
-0.968407126081574
-0.087376299046785
-0.087376299046785
-0.825247401906431
-0.640498098534045
-0.640498098534045
0.280996197068091
-0.828211591878549
-0.828211591878549
0.656423183757099
-0.977882767295650
-0.977882767295650
0.955765534591299
0.619534954455185
-0.648594849699253
0.619534954455185
-0.970940104755933
-0.648594849699253
-0.970940104755933
0.324703448463838
-0.355089058161032
0.324703448463838
-0.969614390302806
-0.355089058161032
-0.969614390302806
0.829810165174004
-0.863082725186344
0.829810165174004
-0.966727439987660
-0.863082725186344
-0.966727439987660
0.511910525190604
-0.650110471151428
0.511910525190604
-0.861800054039176
-0.650110471151428
-0.861800054039176
0.131065359625217
-0.282624366842035
0.131065359625217
-0.848440992783182
-0.282624366842035
-0.848440992783182
0.333566061453817
-0.500121711290305
0.333566061453817
-0.833444350163512
-0.500121711290305
-0.833444350163512
-0.027538833736648
-0.353308953197778
-0.027538833736648
-0.619152213065573
-0.353308953197778
-0.619152213065573
weights
0.0924212023218
0.0279916527347
0.0279916527347
0.0279916527347
0.0364067635964
0.0364067635964
0.0364067635964
0.0627294233273
0.0627294233273
0.0627294233273
0.0322171701927
0.0322171701927
0.0322171701927
0.00367679257565
0.00367679257565
0.00367679257565
0.0190756863133
0.0190756863133
0.0190756863133
0.0190756863133
0.0190756863133
0.0190756863133
0.0251113367233
0.0251113367233
0.0251113367233
0.0251113367233
0.0251113367233
0.0251113367233
0.014134510743
0.014134510743
0.014134510743
0.014134510743
0.014134510743
0.014134510743
0.0252555436725
0.0252555436725
0.0252555436725
0.0252555436725
0.0252555436725
0.0252555436725
0.0384328525208
0.0384328525208
0.0384328525208
0.0384328525208
0.0384328525208
0.0384328525208
0.0329932912116
0.0329932912116
0.0329932912116
0.0329932912116
0.0329932912116
0.0329932912116
0.081415677215
0.081415677215
0.081415677215
0.081415677215
0.081415677215
0.081415677215

order=17
locs(x)
-0.013565183960096
-0.972869632079808
-0.013565183960096
-0.918012666387151
0.836025332774302
-0.918012666387151
-0.469265478050798
-0.061469043898404
-0.469265478050798
-0.278161974512876
-0.443676050974249
-0.278161974512876
-0.743831619059579
0.487663238119159
-0.743831619059579
-0.975086972700342
0.950173945400684
-0.975086972700342
-0.331485915788080
0.305875449252880
-0.974389533464800
0.305875449252880
-0.974389533464800
-0.331485915788080
-0.617368143234940
0.598534426856625
-0.981166283621686
0.598534426856625
-0.981166283621686
-0.617368143234940
-0.846737941679184
0.837351785097968
-0.990613843418784
0.837351785097968
-0.990613843418784
-0.846737941679184
-0.530582382227094
0.412831673770520
-0.882249291543426
0.412831673770520
-0.882249291543426
-0.530582382227094
-0.230167008731505
0.092655855430620
-0.862488846699115
0.092655855430620
-0.862488846699115
-0.230167008731505
-0.769841956364772
0.681416462088999
-0.911574505724228
0.681416462088999
-0.911574505724228
-0.769841956364772
-0.502901760016855
0.206946937904245
-0.704045177887389
0.206946937904245
-0.704045177887389
-0.502901760016855
-0.258115377755090
-0.067105414124881
-0.674779208120030
-0.067105414124880
-0.674779208120030
-0.258115377755090
locs(y)
-0.013565183960096
-0.013565183960096
-0.972869632079808
-0.918012666387151
-0.918012666387151
0.836025332774302
-0.469265478050798
-0.469265478050798
-0.061469043898404
-0.278161974512876
-0.278161974512876
-0.443676050974249
-0.743831619059579
-0.743831619059579
0.487663238119159
-0.975086972700342
-0.975086972700342
0.950173945400684
0.305875449252880
-0.331485915788080
0.305875449252880
-0.974389533464800
-0.331485915788080
-0.974389533464800
0.598534426856625
-0.617368143234940
0.598534426856625
-0.981166283621686
-0.617368143234940
-0.981166283621686
0.837351785097968
-0.846737941679184
0.837351785097968
-0.990613843418784
-0.846737941679184
-0.990613843418784
0.412831673770520
-0.530582382227094
0.412831673770520
-0.882249291543426
-0.530582382227094
-0.882249291543426
0.092655855430620
-0.230167008731505
0.092655855430620
-0.862488846699115
-0.230167008731505
-0.862488846699115
0.681416462088999
-0.769841956364772
0.681416462088999
-0.911574505724228
-0.769841956364772
-0.911574505724228
0.206946937904245
-0.502901760016855
0.206946937904245
-0.704045177887389
-0.502901760016855
-0.704045177887389
-0.067105414124881
-0.258115377755090
-0.067105414124880
-0.674779208120030
-0.258115377755090
-0.674779208120030
weights
0.0224484240772
0.0224484240772
0.0224484240772
0.0113778167667
0.0113778167667
0.0113778167667
0.0561480787977
0.0561480787977
0.0561480787977
0.0318047530507
0.0318047530507
0.0318047530507
0.0429446041598
0.0429446041598
0.0429446041598
0.00413833626713
0.00413833626713
0.00413833626713
0.0200941116705
0.0200941116705
0.0200941116705
0.0200941116705
0.0200941116705
0.0200941116705
0.013023443943
0.013023443943
0.013023443943
0.013023443943
0.013023443943
0.013023443943
0.00585695436954
0.00585695436954
0.00585695436954
0.00585695436954
0.00585695436954
0.00585695436954
0.0377461726435
0.0377461726435
0.0377461726435
0.0377461726435
0.0377461726435
0.0377461726435
0.0483627529886
0.0483627529886
0.0483627529886
0.0483627529886
0.0483627529886
0.0483627529886
0.0234671261694
0.0234671261694
0.0234671261694
0.0234671261694
0.0234671261694
0.0234671261694
0.0547034288369
0.0547034288369
0.0547034288369
0.0547034288369
0.0547034288369
0.0547034288369
0.0456483361523
0.0456483361523
0.0456483361523
0.0456483361523
0.0456483361523
0.0456483361523

order=18
locs(x)
-0.333333333333333
-0.012131216528029
-0.975737566943942
-0.012131216528029
-0.230136518749796
-0.539726962500408
-0.230136518749796
-0.499402807850562
-0.001194384298875
-0.499402807850563
-0.710045241598598
0.420090483197196
-0.710045241598598
-0.903019171569391
0.806038343138783
-0.903019171569391
-0.972866921676664
0.945733843353328
-0.972866921676664
-0.859848143426920
0.852682278520227
-0.992834135093306
0.852682278520227
-0.992834135093306
-0.859848143426920
-0.592208428296456
0.573110619333459
-0.980902191037003
0.573110619333459
-0.980902191037003
-0.592208428296456
-0.316660705097116
0.294011442575493
-0.977350737478378
0.294011442575493
-0.977350737478378
-0.316660705097116
-0.762708275393600
0.720805143081058
-0.958096867687458
0.720805143081058
-0.958096867687458
-0.762708275393600
-0.499464753852078
0.389673957377540
-0.890209203525462
0.389673957377540
-0.890209203525462
-0.499464753852078
-0.730193961187213
0.595225312221749
-0.865031351034536
0.595225312221749
-0.865031351034535
-0.730193961187213
-0.213662181077459
0.092159471784540
-0.878497290707081
0.092159471784540
-0.878497290707081
-0.213662181077459
-0.268906542375276
-0.010964677486621
-0.720128780138103
-0.010964677486621
-0.720128780138103
-0.268906542375276
-0.507963230765286
0.233062121320884
-0.725098890555598
0.233062121320884
-0.725098890555598
-0.507963230765286
locs(y)
-0.333333333333333
-0.012131216528029
-0.012131216528029
-0.975737566943942
-0.230136518749796
-0.230136518749796
-0.539726962500408
-0.499402807850562
-0.499402807850563
-0.001194384298875
-0.710045241598598
-0.710045241598598
0.420090483197196
-0.903019171569391
-0.903019171569391
0.806038343138783
-0.972866921676664
-0.972866921676664
0.945733843353328
0.852682278520227
-0.859848143426920
0.852682278520227
-0.992834135093306
-0.859848143426920
-0.992834135093306
0.573110619333459
-0.592208428296456
0.573110619333459
-0.980902191037003
-0.592208428296456
-0.980902191037003
0.294011442575493
-0.316660705097116
0.294011442575493
-0.977350737478378
-0.316660705097116
-0.977350737478378
0.720805143081058
-0.762708275393600
0.720805143081058
-0.958096867687458
-0.762708275393600
-0.958096867687458
0.389673957377540
-0.499464753852078
0.389673957377540
-0.890209203525462
-0.499464753852078
-0.890209203525462
0.595225312221749
-0.730193961187213
0.595225312221749
-0.865031351034536
-0.730193961187213
-0.865031351034535
0.092159471784540
-0.213662181077459
0.092159471784540
-0.878497290707081
-0.213662181077459
-0.878497290707081
-0.010964677486621
-0.268906542375276
-0.010964677486621
-0.720128780138103
-0.268906542375276
-0.720128780138103
0.233062121320884
-0.507963230765286
0.233062121320884
-0.725098890555598
-0.507963230765286
-0.725098890555598
weights
0.0443659243781
0.0191188665586
0.0191188665586
0.0191188665586
0.0492942822642
0.0492942822642
0.0492942822642
0.0606541259813
0.0606541259813
0.0606541259813
0.0313662318445
0.0313662318445
0.0313662318445
0.0161730356991
0.0161730356991
0.0161730356991
0.00475007674342
0.00475007674342
0.00475007674342
0.00432999836405
0.00432999836405
0.00432999836405
0.00432999836405
0.00432999836405
0.00432999836405
0.0123001365922
0.0123001365922
0.0123001365922
0.0123001365922
0.0123001365922
0.0123001365922
0.0171465504961
0.0171465504961
0.0171465504961
0.0171465504961
0.0171465504961
0.0171465504961
0.0109927843677
0.0109927843677
0.0109927843677
0.0109927843677
0.0109927843677
0.0109927843677
0.0339884236275
0.0339884236275
0.0339884236275
0.0339884236275
0.0339884236275
0.0339884236275
0.02576877525
0.02576877525
0.02576877525
0.02576877525
0.02576877525
0.02576877525
0.0400236987163
0.0400236987163
0.0400236987163
0.0400236987163
0.0400236987163
0.0400236987163
0.0452772480976
0.0452772480976
0.0452772480976
0.0452772480976
0.0452772480976
0.0452772480976
0.0454330875467
0.0454330875467
0.0454330875467
0.0454330875467
0.0454330875467
0.0454330875467

order=19
locs(x)
-0.333333333333333
-0.121193890022463
-0.757612219955075
-0.121193890022463
-0.227921589064499
-0.544156821871001
-0.227921589064499
-0.480832787187258
-0.038334425625484
-0.480832787187258
-0.607587000462791
0.215174000925582
-0.607587000462791
-0.728032884013154
0.456065768026307
-0.728032884013154
-0.884999963315497
0.769999926630994
-0.884999963315497
-0.973927705240279
0.947855410480559
-0.973927705240279
-0.419340397282846
0.418549313572482
-0.999208916289636
0.418549313572482
-0.999208916289636
-0.419340397282846
-0.154285565801825
0.131285016869205
-0.976999451067380
0.131285016869205
-0.976999451067380
-0.154285565801825
-0.864328042937615
0.842262778125134
-0.977934735187519
0.842262778125134
-0.977934735187519
-0.864328042937615
-0.676980679779850
0.654351228666662
-0.977370548886812
0.654351228666662
-0.977370548886812
-0.676980679779850
-0.451038034994882
0.391933493150074
-0.940895458155192
0.391933493150074
-0.940895458155192
-0.451038034994882
-0.755079003035426
0.643775758022122
-0.888696754986697
0.643775758022122
-0.888696754986697
-0.755079003035426
-0.668500025831376
0.544622467980326
-0.876122442148950
0.544622467980326
-0.876122442148950
-0.668500025831376
-0.205954158284095
0.090524206162520
-0.884570047878425
0.090524206162520
-0.884570047878425
-0.205954158284095
-0.488476686471250
0.295757669634562
-0.807280983163311
0.295757669634562
-0.807280983163311
-0.488476686471250
-0.342507806805715
0.042214391480752
-0.699706584675037
0.042214391480751
-0.699706584675037
-0.342507806805715
locs(y)
-0.333333333333333
-0.121193890022463
-0.121193890022463
-0.757612219955075
-0.227921589064499
-0.227921589064499
-0.544156821871001
-0.480832787187258
-0.480832787187258
-0.038334425625484
-0.607587000462791
-0.607587000462791
0.215174000925582
-0.728032884013154
-0.728032884013154
0.456065768026307
-0.884999963315497
-0.884999963315497
0.769999926630994
-0.973927705240279
-0.973927705240279
0.947855410480559
0.418549313572482
-0.419340397282846
0.418549313572482
-0.999208916289636
-0.419340397282846
-0.999208916289636
0.131285016869205
-0.154285565801825
0.131285016869205
-0.976999451067380
-0.154285565801825
-0.976999451067380
0.842262778125134
-0.864328042937615
0.842262778125134
-0.977934735187519
-0.864328042937615
-0.977934735187519
0.654351228666662
-0.676980679779850
0.654351228666662
-0.977370548886812
-0.676980679779850
-0.977370548886812
0.391933493150074
-0.451038034994882
0.391933493150074
-0.940895458155192
-0.451038034994882
-0.940895458155192
0.643775758022122
-0.755079003035426
0.643775758022122
-0.888696754986697
-0.755079003035426
-0.888696754986697
0.544622467980326
-0.668500025831376
0.544622467980326
-0.876122442148950
-0.668500025831376
-0.876122442148950
0.090524206162520
-0.205954158284095
0.090524206162520
-0.884570047878425
-0.205954158284095
-0.884570047878425
0.295757669634562
-0.488476686471250
0.295757669634562
-0.807280983163311
-0.488476686471250
-0.807280983163311
0.042214391480752
-0.342507806805715
0.042214391480751
-0.699706584675037
-0.342507806805715
-0.699706584675037
weights
0.041424760048
0.0317848553377
0.0317848553377
0.0317848553377
0.0484065999099
0.0484065999099
0.0484065999099
0.0481776618585
0.0481776618585
0.0481776618585
0.04269116249
0.04269116249
0.04269116249
0.031889013978
0.031889013978
0.031889013978
0.0155292729235
0.0155292729235
0.0155292729235
0.00444285287141
0.00444285287141
0.00444285287141
0.00459940902456
0.00459940902456
0.00459940902456
0.00459940902456
0.00459940902456
0.00459940902456
0.0166083270013
0.0166083270013
0.0166083270013
0.0166083270013
0.0166083270013
0.0166083270013
0.00850835066425
0.00850835066425
0.00850835066425
0.00850835066425
0.00850835066425
0.00850835066425
0.0127527605161
0.0127527605161
0.0127527605161
0.0127527605161
0.0127527605161
0.0127527605161
0.0248647311372
0.0248647311372
0.0248647311372
0.0248647311372
0.0248647311372
0.0248647311372
0.0127794698784
0.0127794698784
0.0127794698784
0.0127794698784
0.0127794698784
0.0127794698784
0.0178015029506
0.0178015029506
0.0178015029506
0.0178015029506
0.0178015029506
0.0178015029506
0.0357382332667
0.0357382332667
0.0357382332667
0.0357382332667
0.0357382332667
0.0357382332667
0.0383441994045
0.0383441994045
0.0383441994045
0.0383441994045
0.0383441994045
0.0383441994045
0.0429715131306
0.0429715131306
0.0429715131306
0.0429715131306
0.0429715131306
0.0429715131306

order=20
locs(x)
-0.333333333333333
-0.001500649324429
-0.996998701351142
-0.001500649324429
-0.094139751938951
-0.811720496122098
-0.094139751938951
-0.204472124089526
-0.591055751820947
-0.204472124089526
-0.470999594934425
-0.058000810131149
-0.470999594934425
-0.577962071815846
0.155924143631693
-0.577962071815846
-0.784528785657457
0.569057571314915
-0.784528785657457
-0.921861824324395
0.843723648648789
-0.921861824324395
-0.977651240541341
0.955302481082681
-0.977651240541341
-0.872900668183296
0.862201431808621
-0.989300763625325
0.862201431808621
-0.989300763625325
-0.872900668183295
-0.685786162118586
0.669876527986188
-0.984090365867602
0.669876527986188
-0.984090365867602
-0.685786162118586
-0.208715771271252
0.187870974708724
-0.979155203437472
0.187870974708724
-0.979155203437472
-0.208715771271252
-0.453664858574179
0.431736028981932
-0.978071170407753
0.431736028981932
-0.978071170407753
-0.453664858574179
-0.796429235029966
0.719295810859041
-0.922866575829075
0.719295810859041
-0.922866575829075
-0.796429235029966
-0.106682901647172
0.035521886012736
-0.928838984365563
0.035521886012736
-0.928838984365564
-0.106682901647172
-0.601978411700994
0.502636778975466
-0.900658367274472
0.502636778975466
-0.900658367274472
-0.601978411700994
-0.351477632615435
0.234438182446771
-0.882960549831337
0.234438182446771
-0.882960549831337
-0.351477632615435
-0.582937273579734
0.339941699570946
-0.757004425991211
0.339941699570946
-0.757004425991211
-0.582937273579734
-0.353658866927485
0.072237177039608
-0.718578310112123
0.072237177039608
-0.718578310112123
-0.353658866927485
locs(y)
-0.333333333333333
-0.001500649324429
-0.001500649324429
-0.996998701351142
-0.094139751938951
-0.094139751938951
-0.811720496122098
-0.204472124089526
-0.204472124089526
-0.591055751820947
-0.470999594934425
-0.470999594934425
-0.058000810131149
-0.577962071815846
-0.577962071815846
0.155924143631693
-0.784528785657457
-0.784528785657457
0.569057571314915
-0.921861824324395
-0.921861824324395
0.843723648648789
-0.977651240541341
-0.977651240541341
0.955302481082681
0.862201431808621
-0.872900668183296
0.862201431808621
-0.989300763625325
-0.872900668183295
-0.989300763625325
0.669876527986188
-0.685786162118586
0.669876527986188
-0.984090365867602
-0.685786162118586
-0.984090365867602
0.187870974708724
-0.208715771271252
0.187870974708724
-0.979155203437472
-0.208715771271252
-0.979155203437472
0.431736028981932
-0.453664858574179
0.431736028981932
-0.978071170407753
-0.453664858574179
-0.978071170407753
0.719295810859041
-0.796429235029966
0.719295810859041
-0.922866575829075
-0.796429235029966
-0.922866575829075
0.035521886012736
-0.106682901647172
0.035521886012736
-0.928838984365563
-0.106682901647172
-0.928838984365564
0.502636778975466
-0.601978411700994
0.502636778975466
-0.900658367274472
-0.601978411700994
-0.900658367274472
0.234438182446771
-0.351477632615435
0.234438182446771
-0.882960549831337
-0.351477632615435
-0.882960549831337
0.339941699570946
-0.582937273579734
0.339941699570946
-0.757004425991211
-0.582937273579734
-0.757004425991211
0.072237177039608
-0.353658866927485
0.072237177039608
-0.718578310112123
-0.353658866927485
-0.718578310112123
weights
0.0552208539954
0.00355805909465
0.00355805909465
0.00355805909465
0.0402247962279
0.0402247962279
0.0402247962279
0.0536356945187
0.0536356945187
0.0536356945187
0.049046267603
0.049046267603
0.049046267603
0.0327891568214
0.0327891568214
0.0327891568214
0.0295918147973
0.0295918147973
0.0295918147973
0.00915856455541
0.00915856455541
0.00915856455541
0.00330365303115
0.00330365303115
0.00330365303115
0.00469834181715
0.00469834181715
0.00469834181715
0.00469834181715
0.00469834181715
0.00469834181715
0.00893185150836
0.00893185150836
0.00893185150836
0.00893185150836
0.00893185150836
0.00893185150836
0.0121991336158
0.0121991336158
0.0121991336158
0.0121991336158
0.0121991336158
0.0121991336158
0.0137821626544
0.0137821626544
0.0137821626544
0.0137821626544
0.0137821626544
0.0137821626544
0.015994950145
0.015994950145
0.015994950145
0.015994950145
0.015994950145
0.015994950145
0.0147722685707
0.0147722685707
0.0147722685707
0.0147722685707
0.0147722685707
0.0147722685707
0.0255986637573
0.0255986637573
0.0255986637573
0.0255986637573
0.0255986637573
0.0255986637573
0.0345161423514
0.0345161423514
0.0345161423514
0.0345161423514
0.0345161423514
0.0345161423514
0.0373458918059
0.0373458918059
0.0373458918059
0.0373458918059
0.0373458918059
0.0373458918059
0.0456364481168
0.0456364481168
0.0456364481168
0.0456364481168
0.0456364481168
0.0456364481168

