rule=2
locs(x)
-0.7236067977499790
-0.7236067977499790
0.1708203932499369
-0.7236067977499790
locs(y)
-0.7236067977499790
0.1708203932499370
-0.7236067977499790
-0.7236067977499790
locs(z)
0.1708203932499370
-0.7236067977499790
-0.7236067977499790
-0.7236067977499790
weights
0.333333333333
0.333333333333
0.333333333333
0.333333333333

rule=3
locs(x)
-0.3438906065771466
-0.9683281802685602
-0.3438906065771466
-0.3438906065771466
-0.7860954521341387
-0.7860954521341387
0.3582863564024159
-0.7860954521341387
locs(y)
-0.3438906065771466
-0.3438906065771466
-0.9683281802685602
-0.3438906065771466
-0.7860954521341387
0.3582863564024160
-0.7860954521341387
-0.7860954521341387
locs(z)
-0.3438906065771466
-0.3438906065771466
-0.3438906065771466
-0.9683281802685602
0.3582863564024159
-0.7860954521341386
-0.7860954521341387
-0.7860954521341387
weights
0.184703955349
0.184703955349
0.184703955349
0.184703955349
0.148629377984
0.148629377984
0.148629377984
0.148629377984

rule=4
locs(x)
-0.8145294993782176
-0.8145294993782176
0.4435884981346526
-0.8145294993782176
-0.3782281614733988
-0.8653155155798036
-0.3782281614733988
-0.3782281614733988
-0.9089925917487007
-0.0910074082512993
-0.0910074082512993
-0.9089925917487007
-0.9089925917487007
-0.0910074082512993
locs(y)
-0.8145294993782176
0.4435884981346526
-0.8145294993782176
-0.8145294993782176
-0.3782281614733988
-0.3782281614733988
-0.8653155155798036
-0.3782281614733988
-0.0910074082512993
-0.9089925917487007
-0.0910074082512993
-0.9089925917487007
-0.0910074082512993
-0.9089925917487007
locs(z)
0.4435884981346527
-0.8145294993782176
-0.8145294993782176
-0.8145294993782176
-0.3782281614733988
-0.3782281614733988
-0.3782281614733988
-0.8653155155798036
-0.0910074082512993
-0.0910074082512993
-0.9089925917487007
-0.0910074082512993
-0.9089925917487007
-0.9089925917487007
weights
0.0979907241551
0.0979907241551
0.0979907241551
0.0979907241551
0.150250567624
0.150250567624
0.150250567624
0.150250567624
0.0567280277028
0.0567280277028
0.0567280277028
0.0567280277028
0.0567280277028
0.0567280277028

rule=5
locs(x)
-0.3782281614733988
-0.8653155155798036
-0.3782281614733988
-0.3782281614733988
-0.8145294993782176
-0.8145294993782176
0.4435884981346526
-0.8145294993782176
-0.9089925917487007
-0.0910074082512993
-0.0910074082512993
-0.9089925917487007
-0.9089925917487007
-0.0910074082512993
locs(y)
-0.3782281614733988
-0.3782281614733988
-0.8653155155798036
-0.3782281614733988
-0.8145294993782176
0.4435884981346526
-0.8145294993782176
-0.8145294993782176
-0.0910074082512993
-0.9089925917487007
-0.0910074082512993
-0.9089925917487007
-0.0910074082512993
-0.9089925917487007
locs(z)
-0.3782281614733988
-0.3782281614733988
-0.3782281614733988
-0.8653155155798036
0.4435884981346527
-0.8145294993782176
-0.8145294993782176
-0.8145294993782176
-0.0910074082512993
-0.0910074082512993
-0.9089925917487007
-0.0910074082512993
-0.9089925917487007
-0.9089925917487007
weights
0.150250567624
0.150250567624
0.150250567624
0.150250567624
0.0979907241551
0.0979907241551
0.0979907241551
0.0979907241551
0.0567280277028
0.0567280277028
0.0567280277028
0.0567280277028
0.0567280277028
0.0567280277028

rule=6
locs(x)
-0.5707942574816959
-0.5707942574816959
-0.2876172275549123
-0.5707942574816959
-0.9186520829307773
-0.9186520829307773
0.7559562487923320
-0.9186520829307773
-0.3553242197154491
-0.9340273408536528
-0.3553242197154491
-0.3553242197154491
-0.8726779962499649
-0.8726779962499649
-0.4606553370833685
-0.4606553370833686
0.2060113295832984
0.2060113295832984
-0.8726779962499649
-0.8726779962499649
0.2060113295832984
-0.8726779962499649
-0.8726779962499649
-0.4606553370833686
locs(y)
-0.5707942574816959
-0.2876172275549123
-0.5707942574816959
-0.5707942574816959
-0.9186520829307773
0.7559562487923319
-0.9186520829307773
-0.9186520829307773
-0.3553242197154491
-0.3553242197154491
-0.9340273408536528
-0.3553242197154491
-0.4606553370833685
0.2060113295832984
-0.8726779962499649
0.2060113295832984
-0.8726779962499649
-0.4606553370833686
-0.8726779962499649
0.2060113295832984
-0.8726779962499649
-0.8726779962499649
-0.4606553370833686
-0.8726779962499649
locs(z)
-0.2876172275549123
-0.5707942574816959
-0.5707942574816959
-0.5707942574816959
0.7559562487923319
-0.9186520829307774
-0.9186520829307773
-0.9186520829307773
-0.3553242197154491
-0.3553242197154491
-0.3553242197154491
-0.9340273408536528
0.2060113295832984
-0.4606553370833685
0.2060113295832984
-0.8726779962499649
-0.4606553370833686
-0.8726779962499649
0.2060113295832984
-0.8726779962499649
-0.8726779962499649
-0.4606553370833686
-0.8726779962499649
-0.8726779962499649
weights
0.0532303336776
0.0532303336776
0.0532303336776
0.0532303336776
0.0134362814071
0.0134362814071
0.0134362814071
0.0134362814071
0.0738095753915
0.0738095753915
0.0738095753915
0.0738095753915
0.0642857142857
0.0642857142857
0.0642857142857
0.0642857142857
0.0642857142857
0.0642857142857
0.0642857142857
0.0642857142857
0.0642857142857
0.0642857142857
0.0642857142857
0.0642857142857

rule=7
locs(x)
-0.5000000000000000
-0.3685977004435944
-0.8942068986692169
-0.3685977004435944
-0.3685977004435944
-0.8990203548032073
-0.1009796451967927
-0.1009796451967927
-0.8990203548032073
-0.8990203548032073
-0.1009796451967927
-0.6223323379479979
-0.6223323379479979
0.1503432751740001
-0.9056785992780043
-0.9056785992780043
-0.6223323379479979
-0.6223323379479979
0.1503432751740001
0.1503432751740001
-0.9056785992780043
-0.6223323379479979
-0.6223323379479979
-0.9574690549170335
-0.9574690549170335
-0.7067223723630300
-0.7067223723630300
0.6216604821970970
0.6216604821970970
-0.9574690549170335
-0.9574690549170335
0.6216604821970970
-0.9574690549170335
-0.9574690549170335
-0.7067223723630300
locs(y)
-0.5000000000000000
-0.3685977004435944
-0.3685977004435944
-0.8942068986692169
-0.3685977004435944
-0.1009796451967928
-0.8990203548032073
-0.1009796451967927
-0.8990203548032073
-0.1009796451967927
-0.8990203548032073
-0.6223323379479979
0.1503432751740001
-0.6223323379479979
-0.6223323379479979
0.1503432751740001
-0.9056785992780043
0.1503432751740001
-0.9056785992780043
-0.6223323379479979
-0.6223323379479979
-0.9056785992780043
-0.6223323379479979
-0.7067223723630300
0.6216604821970970
-0.9574690549170335
0.6216604821970970
-0.9574690549170335
-0.7067223723630300
-0.9574690549170335
0.6216604821970970
-0.9574690549170335
-0.9574690549170335
-0.7067223723630300
-0.9574690549170335
locs(z)
-0.5000000000000000
-0.3685977004435944
-0.3685977004435944
-0.3685977004435944
-0.8942068986692169
-0.1009796451967928
-0.1009796451967928
-0.8990203548032073
-0.1009796451967928
-0.8990203548032073
-0.8990203548032073
0.1503432751740001
-0.6223323379479979
-0.6223323379479979
0.1503432751740001
-0.6223323379479979
0.1503432751740001
-0.9056785992780043
-0.6223323379479979
-0.9056785992780043
-0.6223323379479979
-0.6223323379479979
-0.9056785992780043
0.6216604821970970
-0.7067223723630300
0.6216604821970970
-0.9574690549170335
-0.7067223723630300
-0.9574690549170335
0.6216604821970970
-0.9574690549170335
-0.9574690549170335
-0.7067223723630300
-0.9574690549170335
-0.9574690549170335
weights
0.127313719286
0.0564394416133
0.0564394416133
0.0564394416133
0.0564394416133
0.0425292371105
0.0425292371105
0.0425292371105
0.0425292371105
0.0425292371105
0.0425292371105
0.0496095076378
0.0496095076378
0.0496095076378
0.0496095076378
0.0496095076378
0.0496095076378
0.0496095076378
0.0496095076378
0.0496095076378
0.0496095076378
0.0496095076378
0.0496095076378
0.0108143611065
0.0108143611065
0.0108143611065
0.0108143611065
0.0108143611065
0.0108143611065
0.0108143611065
0.0108143611065
0.0108143611065
0.0108143611065
0.0108143611065
0.0108143611065

rule=8
locs(x)
-0.9206491538592203
-0.9206491538592203
0.7619474615776605
-0.9206491538592203
-0.3710243986038074
-0.8869268041885778
-0.3710243986038074
-0.3710243986038074
-0.7960266138745935
-0.7960266138745935
0.3880798416237802
-0.7960266138745935
-0.6315926061016169
-0.6315926061016169
-0.1052221816951490
-0.6315926061016169
-0.8731274244909202
-0.1268725755090798
-0.1268725755090798
-0.8731274244909202
-0.8731274244909202
-0.1268725755090798
-0.9566196758645440
-0.9566196758645440
-0.5266244923498440
-0.5266244923498440
0.4398638440789320
0.4398638440789320
-0.9566196758645440
-0.9566196758645440
0.4398638440789320
-0.9566196758645440
-0.9566196758645440
-0.5266244923498440
-0.5910398387264086
-0.5910398387264086
0.1611543802576185
-0.9790747028048012
-0.9790747028048012
-0.5910398387264086
-0.5910398387264086
0.1611543802576185
0.1611543802576185
-0.9790747028048012
-0.5910398387264086
-0.5910398387264086
locs(y)
-0.9206491538592203
0.7619474615776607
-0.9206491538592203
-0.9206491538592203
-0.3710243986038074
-0.3710243986038074
-0.8869268041885778
-0.3710243986038074
-0.7960266138745935
0.3880798416237802
-0.7960266138745935
-0.7960266138745935
-0.6315926061016169
-0.1052221816951490
-0.6315926061016169
-0.6315926061016169
-0.1268725755090798
-0.8731274244909202
-0.1268725755090798
-0.8731274244909202
-0.1268725755090798
-0.8731274244909202
-0.5266244923498440
0.4398638440789320
-0.9566196758645440
0.4398638440789320
-0.9566196758645440
-0.5266244923498440
-0.9566196758645440
0.4398638440789320
-0.9566196758645440
-0.9566196758645440
-0.5266244923498440
-0.9566196758645440
-0.5910398387264086
0.1611543802576185
-0.5910398387264086
-0.5910398387264086
0.1611543802576185
-0.9790747028048012
0.1611543802576185
-0.9790747028048012
-0.5910398387264086
-0.5910398387264086
-0.9790747028048012
-0.5910398387264086
locs(z)
0.7619474615776607
-0.9206491538592203
-0.9206491538592203
-0.9206491538592203
-0.3710243986038074
-0.3710243986038074
-0.3710243986038074
-0.8869268041885778
0.3880798416237802
-0.7960266138745935
-0.7960266138745935
-0.7960266138745935
-0.1052221816951491
-0.6315926061016169
-0.6315926061016169
-0.6315926061016169
-0.1268725755090798
-0.1268725755090798
-0.8731274244909202
-0.1268725755090798
-0.8731274244909202
-0.8731274244909202
0.4398638440789320
-0.5266244923498440
0.4398638440789320
-0.9566196758645440
-0.5266244923498440
-0.9566196758645440
0.4398638440789320
-0.9566196758645440
-0.9566196758645440
-0.5266244923498440
-0.9566196758645440
-0.9566196758645440
0.1611543802576185
-0.5910398387264086
-0.5910398387264086
0.1611543802576185
-0.5910398387264086
0.1611543802576185
-0.9790747028048012
-0.5910398387264086
-0.9790747028048012
-0.5910398387264086
-0.5910398387264086
-0.9790747028048012
weights
0.0085295303732
0.0085295303732
0.0085295303732
0.0085295303732
0.053587264028
0.053587264028
0.053587264028
0.053587264028
0.0324106340064
0.0324106340064
0.0324106340064
0.0324106340064
0.0731451898849
0.0731451898849
0.0731451898849
0.0731451898849
0.0476261496455
0.0476261496455
0.0476261496455
0.0476261496455
0.0476261496455
0.0476261496455
0.00957758759714
0.00957758759714
0.00957758759714
0.00957758759714
0.00957758759714
0.00957758759714
0.00957758759714
0.00957758759714
0.00957758759714
0.00957758759714
0.00957758759714
0.00957758759714
0.0218295759271
0.0218295759271
0.0218295759271
0.0218295759271
0.0218295759271
0.0218295759271
0.0218295759271
0.0218295759271
0.0218295759271
0.0218295759271
0.0218295759271
0.0218295759271

rule=9
locs(x)
-0.5000000000000000
-0.9319556459979103
-0.9319556459979103
0.7958669379937310
-0.9319556459979103
-0.3544593329323990
-0.9366220012028030
-0.3544593329323990
-0.3544593329323990
-0.8790858451484501
-0.8790858451484501
0.6372575354453506
-0.8790858451484501
-0.8328183185194933
-0.0892740181055836
-0.0892740181055836
-0.9886336452693396
-0.0892740181055836
-0.0892740181055835
-0.9886336452693396
-0.9886336452693396
-0.8328183185194933
-0.8328183185194933
-0.0892740181055836
-0.0892740181055836
-0.7609954892123484
-0.7609954892123484
-0.4042426865322831
-0.4042426865322831
-0.0737663350430201
-0.0737663350430201
-0.7609954892123484
-0.7609954892123485
-0.0737663350430201
-0.7609954892123484
-0.7609954892123485
-0.4042426865322831
-0.9439560884331977
-0.9439560884331977
-0.5624999768133396
-0.5624999768133396
0.4504121536797350
0.4504121536797350
-0.9439560884331977
-0.9439560884331977
0.4504121536797350
-0.9439560884331977
-0.9439560884331977
-0.5624999768133396
-0.6503339359768507
-0.6503339359768507
0.2333651435625128
-0.9326972716088113
-0.9326972716088113
-0.6503339359768507
-0.6503339359768507
0.2333651435625128
0.2333651435625128
-0.9326972716088113
-0.6503339359768507
-0.6503339359768507
locs(y)
-0.5000000000000000
-0.9319556459979103
0.7958669379937309
-0.9319556459979103
-0.9319556459979103
-0.3544593329323990
-0.3544593329323990
-0.9366220012028030
-0.3544593329323990
-0.8790858451484501
0.6372575354453505
-0.8790858451484501
-0.8790858451484501
-0.0892740181055836
-0.8328183185194933
-0.0892740181055836
-0.0892740181055836
-0.9886336452693396
-0.0892740181055835
-0.8328183185194933
-0.0892740181055836
-0.9886336452693396
-0.0892740181055835
-0.9886336452693396
-0.8328183185194933
-0.4042426865322831
-0.0737663350430201
-0.7609954892123484
-0.0737663350430201
-0.7609954892123484
-0.4042426865322831
-0.7609954892123484
-0.0737663350430201
-0.7609954892123485
-0.7609954892123484
-0.4042426865322831
-0.7609954892123485
-0.5624999768133396
0.4504121536797350
-0.9439560884331977
0.4504121536797350
-0.9439560884331977
-0.5624999768133396
-0.9439560884331977
0.4504121536797350
-0.9439560884331977
-0.9439560884331977
-0.5624999768133396
-0.9439560884331977
-0.6503339359768507
0.2333651435625128
-0.6503339359768507
-0.6503339359768507
0.2333651435625128
-0.9326972716088113
0.2333651435625128
-0.9326972716088113
-0.6503339359768507
-0.6503339359768507
-0.9326972716088113
-0.6503339359768507
locs(z)
-0.5000000000000000
0.7958669379937309
-0.9319556459979104
-0.9319556459979103
-0.9319556459979103
-0.3544593329323990
-0.3544593329323990
-0.3544593329323990
-0.9366220012028030
0.6372575354453505
-0.8790858451484502
-0.8790858451484501
-0.8790858451484501
-0.0892740181055836
-0.0892740181055836
-0.8328183185194933
-0.0892740181055836
-0.0892740181055836
-0.9886336452693396
-0.0892740181055836
-0.8328183185194933
-0.0892740181055836
-0.9886336452693396
-0.8328183185194933
-0.9886336452693396
-0.0737663350430200
-0.4042426865322831
-0.0737663350430200
-0.7609954892123483
-0.4042426865322831
-0.7609954892123483
-0.0737663350430200
-0.7609954892123483
-0.7609954892123483
-0.4042426865322831
-0.7609954892123483
-0.7609954892123483
0.4504121536797350
-0.5624999768133396
0.4504121536797350
-0.9439560884331977
-0.5624999768133396
-0.9439560884331977
0.4504121536797350
-0.9439560884331977
-0.9439560884331977
-0.5624999768133396
-0.9439560884331977
-0.9439560884331977
0.2333651435625128
-0.6503339359768507
-0.6503339359768507
0.2333651435625128
-0.6503339359768507
0.2333651435625128
-0.9326972716088113
-0.6503339359768507
-0.9326972716088113
-0.6503339359768507
-0.6503339359768507
-0.9326972716088113
weights
0.075235590906
0.00445479343295
0.00445479343295
0.00445479343295
0.00445479343295
0.040151673025
0.040151673025
0.040151673025
0.040151673025
0.00865461456008
0.00865461456008
0.00865461456008
0.00865461456008
0.0130790478243
0.0130790478243
0.0130790478243
0.0130790478243
0.0130790478243
0.0130790478243
0.0130790478243
0.0130790478243
0.0130790478243
0.0130790478243
0.0130790478243
0.0130790478243
0.0374922050978
0.0374922050978
0.0374922050978
0.0374922050978
0.0374922050978
0.0374922050978
0.0374922050978
0.0374922050978
0.0374922050978
0.0374922050978
0.0374922050978
0.0374922050978
0.0105261158778
0.0105261158778
0.0105261158778
0.0105261158778
0.0105261158778
0.0105261158778
0.0105261158778
0.0105261158778
0.0105261158778
0.0105261158778
0.0105261158778
0.0105261158778
0.025990416063
0.025990416063
0.025990416063
0.025990416063
0.025990416063
0.025990416063
0.025990416063
0.025990416063
0.025990416063
0.025990416063
0.025990416063
0.025990416063

rule=10
locs(x)
-0.5000000000000000
-0.3754998626096227
-0.8735004121711318
-0.3754998626096227
-0.3754998626096227
-0.7713806922853077
-0.7713806922853077
0.3141420768559231
-0.7713806922853077
-0.9877239823504185
-0.9877239823504185
-0.9105295699895728
-0.9105295699895728
0.8859775346904097
0.8859775346904097
-0.9877239823504185
-0.9877239823504185
0.8859775346904097
-0.9877239823504185
-0.9877239823504185
-0.9105295699895728
-0.9344410635671148
-0.9344410635671148
-0.3196304118257848
-0.3196304118257848
0.1885125389600142
0.1885125389600142
-0.9344410635671148
-0.9344410635671146
0.1885125389600141
-0.9344410635671148
-0.9344410635671148
-0.3196304118257848
-0.6690279487607780
-0.1791385215620690
-0.1791385215620690
-0.9726950081150840
-0.1791385215620690
-0.1791385215620690
-0.9726950081150840
-0.9726950081150841
-0.6690279487607780
-0.6690279487607780
-0.1791385215620690
-0.1791385215620690
-0.9350294368703539
-0.9350294368703539
-0.7322956955759810
-0.7322956955759808
0.6023545693166888
0.6023545693166888
-0.9350294368703539
-0.9350294368703539
0.6023545693166888
-0.9350294368703539
-0.9350294368703539
-0.7322956955759808
-0.7578996377088212
-0.7578996377088212
-0.4385814843909184
-0.4385814843909184
-0.0456192401914393
-0.0456192401914393
-0.7578996377088212
-0.7578996377088212
-0.0456192401914393
-0.7578996377088212
-0.7578996377088212
-0.4385814843909184
-0.6500413156321220
-0.6500413156321220
0.2561436909507320
-0.9560610596864880
-0.9560610596864880
-0.6500413156321220
-0.6500413156321220
0.2561436909507320
0.2561436909507320
-0.9560610596864880
-0.6500413156321220
-0.6500413156321220
locs(y)
-0.5000000000000000
-0.3754998626096227
-0.3754998626096227
-0.8735004121711318
-0.3754998626096227
-0.7713806922853077
0.3141420768559231
-0.7713806922853077
-0.7713806922853077
-0.9105295699895728
0.8859775346904097
-0.9877239823504185
0.8859775346904097
-0.9877239823504185
-0.9105295699895728
-0.9877239823504185
0.8859775346904097
-0.9877239823504185
-0.9877239823504185
-0.9105295699895728
-0.9877239823504185
-0.3196304118257848
0.1885125389600141
-0.9344410635671148
0.1885125389600141
-0.9344410635671148
-0.3196304118257848
-0.9344410635671148
0.1885125389600141
-0.9344410635671148
-0.9344410635671148
-0.3196304118257848
-0.9344410635671148
-0.1791385215620690
-0.6690279487607780
-0.1791385215620690
-0.1791385215620690
-0.9726950081150840
-0.1791385215620690
-0.6690279487607780
-0.1791385215620690
-0.9726950081150840
-0.1791385215620690
-0.9726950081150840
-0.6690279487607780
-0.7322956955759810
0.6023545693166887
-0.9350294368703539
0.6023545693166888
-0.9350294368703539
-0.7322956955759808
-0.9350294368703539
0.6023545693166888
-0.9350294368703539
-0.9350294368703539
-0.7322956955759808
-0.9350294368703539
-0.4385814843909184
-0.0456192401914393
-0.7578996377088212
-0.0456192401914393
-0.7578996377088212
-0.4385814843909184
-0.7578996377088212
-0.0456192401914393
-0.7578996377088212
-0.7578996377088212
-0.4385814843909184
-0.7578996377088212
-0.6500413156321220
0.2561436909507320
-0.6500413156321220
-0.6500413156321220
0.2561436909507320
-0.9560610596864880
0.2561436909507320
-0.9560610596864880
-0.6500413156321220
-0.6500413156321220
-0.9560610596864880
-0.6500413156321220
locs(z)
-0.5000000000000000
-0.3754998626096227
-0.3754998626096227
-0.3754998626096227
-0.8735004121711318
0.3141420768559231
-0.7713806922853077
-0.7713806922853077
-0.7713806922853077
0.8859775346904097
-0.9105295699895728
0.8859775346904097
-0.9877239823504185
-0.9105295699895728
-0.9877239823504185
0.8859775346904097
-0.9877239823504185
-0.9877239823504185
-0.9105295699895728
-0.9877239823504185
-0.9877239823504185
0.1885125389600141
-0.3196304118257848
0.1885125389600141
-0.9344410635671148
-0.3196304118257847
-0.9344410635671148
0.1885125389600141
-0.9344410635671148
-0.9344410635671148
-0.3196304118257847
-0.9344410635671148
-0.9344410635671148
-0.1791385215620691
-0.1791385215620689
-0.6690279487607779
-0.1791385215620691
-0.1791385215620691
-0.9726950081150840
-0.1791385215620689
-0.6690279487607779
-0.1791385215620691
-0.9726950081150840
-0.6690279487607780
-0.9726950081150840
0.6023545693166887
-0.7322956955759810
0.6023545693166887
-0.9350294368703539
-0.7322956955759808
-0.9350294368703539
0.6023545693166887
-0.9350294368703539
-0.9350294368703539
-0.7322956955759808
-0.9350294368703539
-0.9350294368703539
-0.0456192401914393
-0.4385814843909184
-0.0456192401914393
-0.7578996377088212
-0.4385814843909184
-0.7578996377088212
-0.0456192401914393
-0.7578996377088212
-0.7578996377088212
-0.4385814843909184
-0.7578996377088212
-0.7578996377088212
0.2561436909507320
-0.6500413156321221
-0.6500413156321221
0.2561436909507320
-0.6500413156321221
0.2561436909507320
-0.9560610596864880
-0.6500413156321219
-0.9560610596864879
-0.6500413156321221
-0.6500413156321219
-0.9560610596864879
weights
0.0631996980747
0.0359160799897
0.0359160799897
0.0359160799897
0.0359160799897
0.0131588796224
0.0131588796224
0.0131588796224
0.0131588796224
0.000482592459119
0.000482592459119
0.000482592459119
0.000482592459119
0.000482592459119
0.000482592459119
0.000482592459119
0.000482592459119
0.000482592459119
0.000482592459119
0.000482592459119
0.000482592459119
0.013514495573
0.013514495573
0.013514495573
0.013514495573
0.013514495573
0.013514495573
0.013514495573
0.013514495573
0.013514495573
0.013514495573
0.013514495573
0.013514495573
0.0151918416269
0.0151918416269
0.0151918416269
0.0151918416269
0.0151918416269
0.0151918416269
0.0151918416269
0.0151918416269
0.0151918416269
0.0151918416269
0.0151918416269
0.0151918416269
0.00876819636938
0.00876819636938
0.00876819636938
0.00876819636938
0.00876819636938
0.00876819636938
0.00876819636938
0.00876819636938
0.00876819636938
0.00876819636938
0.00876819636938
0.00876819636938
0.0343196426406
0.0343196426406
0.0343196426406
0.0343196426406
0.0343196426406
0.0343196426406
0.0343196426406
0.0343196426406
0.0343196426406
0.0343196426406
0.0343196426406
0.0343196426406
0.0172093810651
0.0172093810651
0.0172093810651
0.0172093810651
0.0172093810651
0.0172093810651
0.0172093810651
0.0172093810651
0.0172093810651
0.0172093810651
0.0172093810651
0.0172093810651

rule=11
locs(x)
-0.5000000000000000
-0.7570172644469324
-0.7570172644469324
0.2710517933407972
-0.7570172644469324
-0.9353674816978542
-0.9353674816978542
0.8061024450935624
-0.9353674816978542
-0.3501477004227864
-0.9495568987316407
-0.3501477004227864
-0.3501477004227864
-0.9917032860566800
-0.9917032860566800
-0.2131254214670126
-0.2131254214670127
0.1965319935803725
0.1965319935803726
-0.9917032860566800
-0.9917032860566801
0.1965319935803726
-0.9917032860566800
-0.9917032860566800
-0.2131254214670127
-0.5507507786472456
-0.5507507786472456
-0.0526754243353008
-0.8458230183702078
-0.8458230183702079
-0.5507507786472456
-0.5507507786472456
-0.0526754243353008
-0.0526754243353008
-0.8458230183702079
-0.5507507786472456
-0.5507507786472456
-0.8961898244548686
-0.8961898244548686
-0.3339099069068225
-0.3339099069068225
0.1262895558165597
0.1262895558165597
-0.8961898244548686
-0.8961898244548687
0.1262895558165598
-0.8961898244548686
-0.8961898244548685
-0.3339099069068225
-0.7301397375675196
-0.7301397375675196
0.4167176615716379
-0.9564381864365987
-0.9564381864365987
-0.7301397375675196
-0.7301397375675196
0.4167176615716379
0.4167176615716379
-0.9564381864365987
-0.7301397375675196
-0.7301397375675196
-0.9496176157834950
-0.9496176157834950
-0.6682037831131646
-0.6682037831131646
0.5674390146801547
0.5674390146801547
-0.9496176157834950
-0.9496176157834950
0.5674390146801547
-0.9496176157834950
-0.9496176157834950
-0.6682037831131646
-0.7304829357606660
-0.2693624404365328
-0.2693624404365328
-0.7307921833662684
-0.2693624404365328
-0.2693624404365328
-0.7307921833662684
-0.7307921833662683
-0.7304829357606660
-0.7304829357606659
-0.2693624404365328
-0.2693624404365328
-0.7184927389126081
-0.7184927389126081
-0.3468472165001741
-0.3468472165001741
0.0458150790198770
0.0458150790198771
-0.9804751236070948
-0.9804751236070948
-0.3468472165001741
-0.3468472165001741
0.0458150790198770
0.0458150790198770
-0.9804751236070948
-0.9804751236070948
-0.7184927389126081
-0.7184927389126081
0.0458150790198771
0.0458150790198771
-0.9804751236070948
-0.9804751236070948
-0.7184927389126081
-0.7184927389126081
-0.3468472165001741
-0.3468472165001741
locs(y)
-0.5000000000000000
-0.7570172644469324
0.2710517933407972
-0.7570172644469324
-0.7570172644469324
-0.9353674816978542
0.8061024450935625
-0.9353674816978542
-0.9353674816978542
-0.3501477004227864
-0.3501477004227864
-0.9495568987316407
-0.3501477004227864
-0.2131254214670127
0.1965319935803727
-0.9917032860566800
0.1965319935803726
-0.9917032860566800
-0.2131254214670127
-0.9917032860566800
0.1965319935803726
-0.9917032860566800
-0.9917032860566800
-0.2131254214670127
-0.9917032860566800
-0.5507507786472456
-0.0526754243353007
-0.5507507786472456
-0.5507507786472456
-0.0526754243353007
-0.8458230183702078
-0.0526754243353008
-0.8458230183702078
-0.5507507786472456
-0.5507507786472456
-0.8458230183702078
-0.5507507786472456
-0.3339099069068225
0.1262895558165598
-0.8961898244548686
0.1262895558165598
-0.8961898244548686
-0.3339099069068226
-0.8961898244548686
0.1262895558165598
-0.8961898244548687
-0.8961898244548686
-0.3339099069068226
-0.8961898244548687
-0.7301397375675196
0.4167176615716379
-0.7301397375675196
-0.7301397375675196
0.4167176615716379
-0.9564381864365987
0.4167176615716379
-0.9564381864365987
-0.7301397375675196
-0.7301397375675196
-0.9564381864365987
-0.7301397375675196
-0.6682037831131646
0.5674390146801547
-0.9496176157834950
0.5674390146801547
-0.9496176157834950
-0.6682037831131646
-0.9496176157834950
0.5674390146801547
-0.9496176157834950
-0.9496176157834950
-0.6682037831131646
-0.9496176157834950
-0.2693624404365328
-0.7304829357606660
-0.2693624404365328
-0.2693624404365328
-0.7307921833662684
-0.2693624404365328
-0.7304829357606660
-0.2693624404365328
-0.7307921833662684
-0.2693624404365328
-0.7307921833662683
-0.7304829357606659
-0.3468472165001741
0.0458150790198770
-0.7184927389126081
0.0458150790198771
-0.7184927389126081
-0.3468472165001741
-0.3468472165001741
0.0458150790198770
-0.9804751236070948
0.0458150790198770
-0.9804751236070948
-0.3468472165001741
-0.7184927389126081
0.0458150790198771
-0.9804751236070948
0.0458150790198770
-0.9804751236070948
-0.7184927389126081
-0.7184927389126081
-0.3468472165001741
-0.9804751236070948
-0.3468472165001741
-0.9804751236070948
-0.7184927389126081
locs(z)
-0.5000000000000000
0.2710517933407972
-0.7570172644469324
-0.7570172644469324
-0.7570172644469324
0.8061024450935625
-0.9353674816978541
-0.9353674816978542
-0.9353674816978542
-0.3501477004227864
-0.3501477004227864
-0.3501477004227864
-0.9495568987316407
0.1965319935803726
-0.2131254214670126
0.1965319935803727
-0.9917032860566799
-0.2131254214670127
-0.9917032860566800
0.1965319935803727
-0.9917032860566799
-0.9917032860566800
-0.2131254214670127
-0.9917032860566800
-0.9917032860566800
-0.0526754243353008
-0.5507507786472456
-0.5507507786472456
-0.0526754243353008
-0.5507507786472456
-0.0526754243353008
-0.8458230183702078
-0.5507507786472456
-0.8458230183702078
-0.5507507786472456
-0.5507507786472456
-0.8458230183702078
0.1262895558165598
-0.3339099069068225
0.1262895558165598
-0.8961898244548685
-0.3339099069068227
-0.8961898244548687
0.1262895558165598
-0.8961898244548685
-0.8961898244548685
-0.3339099069068227
-0.8961898244548687
-0.8961898244548685
0.4167176615716379
-0.7301397375675196
-0.7301397375675196
0.4167176615716379
-0.7301397375675196
0.4167176615716379
-0.9564381864365987
-0.7301397375675196
-0.9564381864365987
-0.7301397375675196
-0.7301397375675196
-0.9564381864365987
0.5674390146801547
-0.6682037831131646
0.5674390146801547
-0.9496176157834950
-0.6682037831131646
-0.9496176157834950
0.5674390146801547
-0.9496176157834950
-0.9496176157834950
-0.6682037831131646
-0.9496176157834950
-0.9496176157834950
-0.2693624404365327
-0.2693624404365327
-0.7304829357606661
-0.2693624404365327
-0.2693624404365327
-0.7307921833662685
-0.2693624404365327
-0.7304829357606661
-0.2693624404365327
-0.7307921833662685
-0.7304829357606661
-0.7307921833662685
0.0458150790198770
-0.3468472165001741
0.0458150790198770
-0.7184927389126081
-0.3468472165001741
-0.7184927389126081
0.0458150790198770
-0.3468472165001741
0.0458150790198770
-0.9804751236070948
-0.3468472165001741
-0.9804751236070948
0.0458150790198770
-0.7184927389126081
0.0458150790198770
-0.9804751236070948
-0.7184927389126081
-0.9804751236070948
-0.3468472165001741
-0.7184927389126081
-0.3468472165001741
-0.9804751236070948
-0.7184927389126081
-0.9804751236070948
weights
0.0525761440382
0.0208828349697
0.0208828349697
0.0208828349697
0.0208828349697
0.00444289649987
0.00444289649987
0.00444289649987
0.00444289649987
0.0187014365433
0.0187014365433
0.0187014365433
0.0187014365433
0.00144787670578
0.00144787670578
0.00144787670578
0.00144787670578
0.00144787670578
0.00144787670578
0.00144787670578
0.00144787670578
0.00144787670578
0.00144787670578
0.00144787670578
0.00144787670578
0.0269812805742
0.0269812805742
0.0269812805742
0.0269812805742
0.0269812805742
0.0269812805742
0.0269812805742
0.0269812805742
0.0269812805742
0.0269812805742
0.0269812805742
0.0269812805742
0.0157202864962
0.0157202864962
0.0157202864962
0.0157202864962
0.0157202864962
0.0157202864962
0.0157202864962
0.0157202864962
0.0157202864962
0.0157202864962
0.0157202864962
0.0157202864962
0.01025375331
0.01025375331
0.01025375331
0.01025375331
0.01025375331
0.01025375331
0.01025375331
0.01025375331
0.01025375331
0.01025375331
0.01025375331
0.01025375331
0.00591640760461
0.00591640760461
0.00591640760461
0.00591640760461
0.00591640760461
0.00591640760461
0.00591640760461
0.00591640760461
0.00591640760461
0.00591640760461
0.00591640760461
0.00591640760461
0.0152393979562
0.0152393979562
0.0152393979562
0.0152393979562
0.0152393979562
0.0152393979562
0.0152393979562
0.0152393979562
0.0152393979562
0.0152393979562
0.0152393979562
0.0152393979562
0.00824752022829
0.00824752022829
0.00824752022829
0.00824752022829
0.00824752022829
0.00824752022829
0.00824752022829
0.00824752022829
0.00824752022829
0.00824752022829
0.00824752022829
0.00824752022829
0.00824752022829
0.00824752022829
0.00824752022829
0.00824752022829
0.00824752022829
0.00824752022829
0.00824752022829
0.00824752022829
0.00824752022829
0.00824752022829
0.00824752022829
0.00824752022829

rule=12
locs(x)
-0.7694005112970398
-0.7694005112970398
0.3082015338911192
-0.7694005112970398
-0.5953274355188182
-0.5953274355188182
-0.2140176934435453
-0.5953274355188182
-0.9765648040847601
-0.9765648040847601
0.9296944122542803
-0.9765648040847601
-0.3733871172643979
-0.8798386482068064
-0.3733871172643979
-0.3733871172643979
-0.4999885397688326
-0.5000343806935021
-0.4999885397688326
-0.4999885397688326
-0.9580090512984840
-0.0419909487015160
-0.0419909487015160
-0.9580090512984840
-0.9580090512984840
-0.0419909487015160
-0.6964519635050999
-0.3035480364949002
-0.3035480364949002
-0.6964519635050999
-0.6964519635050999
-0.3035480364949002
-0.9511604425131293
-0.9511604425131293
-0.7943376843694872
-0.7943376843694872
0.6966585693957457
0.6966585693957457
-0.9511604425131293
-0.9511604425131293
0.6966585693957457
-0.9511604425131293
-0.9511604425131293
-0.7943376843694872
-0.4875858029359634
-0.4875858029359634
-0.0350252522523024
-0.9898031418757709
-0.9898031418757708
-0.4875858029359634
-0.4875858029359634
-0.0350252522523024
-0.0350252522523024
-0.9898031418757708
-0.4875858029359634
-0.4875858029359634
-0.9664193580407940
-0.9664193580407940
-0.4567051686499237
-0.4567051686499237
0.3895438847315118
0.3895438847315118
-0.9664193580407940
-0.9664193580407940
0.3895438847315118
-0.9664193580407940
-0.9664193580407940
-0.4567051686499237
-0.7476783577202559
-0.7476783577202559
0.4508209786058963
-0.9554642631653845
-0.9554642631653845
-0.7476783577202559
-0.7476783577202559
0.4508209786058963
0.4508209786058963
-0.9554642631653845
-0.7476783577202559
-0.7476783577202559
-0.7745561202142952
-0.1371296509472403
-0.1371296509472403
-0.9511845778912242
-0.1371296509472403
-0.1371296509472403
-0.9511845778912242
-0.9511845778912242
-0.7745561202142952
-0.7745561202142952
-0.1371296509472403
-0.1371296509472403
-0.6924323882786539
-0.6924323882786539
-0.4550563942609552
-0.4550563942609552
0.0033401249250113
0.0033401249250113
-0.8558513423854022
-0.8558513423854022
-0.4550563942609552
-0.4550563942609552
0.0033401249250113
0.0033401249250113
-0.8558513423854022
-0.8558513423854022
-0.6924323882786539
-0.6924323882786539
0.0033401249250113
0.0033401249250113
-0.8558513423854022
-0.8558513423854022
-0.6924323882786539
-0.6924323882786539
-0.4550563942609552
-0.4550563942609552
-0.8274154161058767
-0.8274154161058767
-0.4767102909243626
-0.4767102909243626
0.2629948857184869
0.2629948857184868
-0.9588691786882478
-0.9588691786882477
-0.4767102909243626
-0.4767102909243626
0.2629948857184869
0.2629948857184869
-0.9588691786882478
-0.9588691786882477
-0.8274154161058767
-0.8274154161058767
0.2629948857184868
0.2629948857184868
-0.9588691786882477
-0.9588691786882477
-0.8274154161058767
-0.8274154161058767
-0.4767102909243626
-0.4767102909243626
locs(y)
-0.7694005112970398
0.3082015338911192
-0.7694005112970398
-0.7694005112970398
-0.5953274355188182
-0.2140176934435453
-0.5953274355188182
-0.5953274355188182
-0.9765648040847601
0.9296944122542803
-0.9765648040847601
-0.9765648040847601
-0.3733871172643979
-0.3733871172643979
-0.8798386482068064
-0.3733871172643979
-0.4999885397688326
-0.4999885397688326
-0.5000343806935021
-0.4999885397688326
-0.0419909487015160
-0.9580090512984840
-0.0419909487015160
-0.9580090512984840
-0.0419909487015160
-0.9580090512984840
-0.3035480364949002
-0.6964519635050999
-0.3035480364949001
-0.6964519635050999
-0.3035480364949001
-0.6964519635050999
-0.7943376843694872
0.6966585693957457
-0.9511604425131293
0.6966585693957457
-0.9511604425131293
-0.7943376843694872
-0.9511604425131293
0.6966585693957457
-0.9511604425131293
-0.9511604425131293
-0.7943376843694872
-0.9511604425131293
-0.4875858029359634
-0.0350252522523024
-0.4875858029359634
-0.4875858029359634
-0.0350252522523024
-0.9898031418757709
-0.0350252522523024
-0.9898031418757708
-0.4875858029359634
-0.4875858029359634
-0.9898031418757708
-0.4875858029359634
-0.4567051686499237
0.3895438847315118
-0.9664193580407940
0.3895438847315118
-0.9664193580407940
-0.4567051686499237
-0.9664193580407940
0.3895438847315118
-0.9664193580407940
-0.9664193580407940
-0.4567051686499237
-0.9664193580407940
-0.7476783577202559
0.4508209786058963
-0.7476783577202559
-0.7476783577202559
0.4508209786058963
-0.9554642631653845
0.4508209786058963
-0.9554642631653845
-0.7476783577202559
-0.7476783577202559
-0.9554642631653845
-0.7476783577202559
-0.1371296509472403
-0.7745561202142952
-0.1371296509472403
-0.1371296509472403
-0.9511845778912242
-0.1371296509472403
-0.7745561202142952
-0.1371296509472403
-0.9511845778912242
-0.1371296509472403
-0.9511845778912242
-0.7745561202142952
-0.4550563942609552
0.0033401249250113
-0.6924323882786539
0.0033401249250113
-0.6924323882786539
-0.4550563942609552
-0.4550563942609552
0.0033401249250113
-0.8558513423854022
0.0033401249250113
-0.8558513423854022
-0.4550563942609553
-0.6924323882786539
0.0033401249250113
-0.8558513423854022
0.0033401249250113
-0.8558513423854022
-0.6924323882786538
-0.6924323882786539
-0.4550563942609552
-0.8558513423854022
-0.4550563942609553
-0.8558513423854022
-0.6924323882786538
-0.4767102909243626
0.2629948857184869
-0.8274154161058767
0.2629948857184868
-0.8274154161058767
-0.4767102909243626
-0.4767102909243626
0.2629948857184869
-0.9588691786882478
0.2629948857184868
-0.9588691786882477
-0.4767102909243625
-0.8274154161058767
0.2629948857184868
-0.9588691786882478
0.2629948857184868
-0.9588691786882477
-0.8274154161058767
-0.8274154161058767
-0.4767102909243626
-0.9588691786882477
-0.4767102909243625
-0.9588691786882477
-0.8274154161058767
locs(z)
0.3082015338911192
-0.7694005112970398
-0.7694005112970398
-0.7694005112970398
-0.2140176934435454
-0.5953274355188182
-0.5953274355188182
-0.5953274355188182
0.9296944122542803
-0.9765648040847601
-0.9765648040847601
-0.9765648040847601
-0.3733871172643979
-0.3733871172643979
-0.3733871172643979
-0.8798386482068064
-0.4999885397688326
-0.4999885397688326
-0.4999885397688326
-0.5000343806935021
-0.0419909487015160
-0.0419909487015160
-0.9580090512984840
-0.0419909487015160
-0.9580090512984840
-0.9580090512984840
-0.3035480364949001
-0.3035480364949001
-0.6964519635050999
-0.3035480364949001
-0.6964519635050999
-0.6964519635050999
0.6966585693957457
-0.7943376843694872
0.6966585693957457
-0.9511604425131293
-0.7943376843694872
-0.9511604425131293
0.6966585693957457
-0.9511604425131293
-0.9511604425131293
-0.7943376843694872
-0.9511604425131293
-0.9511604425131293
-0.0350252522523023
-0.4875858029359634
-0.4875858029359634
-0.0350252522523023
-0.4875858029359634
-0.0350252522523023
-0.9898031418757709
-0.4875858029359633
-0.9898031418757707
-0.4875858029359634
-0.4875858029359633
-0.9898031418757707
0.3895438847315118
-0.4567051686499237
0.3895438847315118
-0.9664193580407940
-0.4567051686499237
-0.9664193580407940
0.3895438847315118
-0.9664193580407940
-0.9664193580407940
-0.4567051686499237
-0.9664193580407940
-0.9664193580407940
0.4508209786058963
-0.7476783577202559
-0.7476783577202559
0.4508209786058963
-0.7476783577202559
0.4508209786058963
-0.9554642631653845
-0.7476783577202559
-0.9554642631653845
-0.7476783577202559
-0.7476783577202559
-0.9554642631653845
-0.1371296509472403
-0.1371296509472403
-0.7745561202142952
-0.1371296509472403
-0.1371296509472403
-0.9511845778912242
-0.1371296509472403
-0.7745561202142952
-0.1371296509472403
-0.9511845778912242
-0.7745561202142952
-0.9511845778912242
0.0033401249250113
-0.4550563942609553
0.0033401249250113
-0.6924323882786538
-0.4550563942609553
-0.6924323882786538
0.0033401249250113
-0.4550563942609553
0.0033401249250113
-0.8558513423854022
-0.4550563942609553
-0.8558513423854022
0.0033401249250113
-0.6924323882786538
0.0033401249250113
-0.8558513423854022
-0.6924323882786538
-0.8558513423854022
-0.4550563942609553
-0.6924323882786538
-0.4550563942609553
-0.8558513423854022
-0.6924323882786538
-0.8558513423854022
0.2629948857184868
-0.4767102909243625
0.2629948857184868
-0.8274154161058767
-0.4767102909243625
-0.8274154161058767
0.2629948857184868
-0.4767102909243625
0.2629948857184868
-0.9588691786882478
-0.4767102909243625
-0.9588691786882477
0.2629948857184868
-0.8274154161058767
0.2629948857184868
-0.9588691786882478
-0.8274154161058767
-0.9588691786882477
-0.4767102909243625
-0.8274154161058767
-0.4767102909243625
-0.9588691786882477
-0.8274154161058767
-0.9588691786882477
weights
0.0170235169346
0.0170235169346
0.0170235169346
0.0170235169346
0.0214948056505
0.0214948056505
0.0214948056505
0.0214948056505
0.000495483598105
0.000495483598105
0.000495483598105
0.000495483598105
0.0262899223822
0.0262899223822
0.0262899223822
0.0262899223822
0.00342852124115
0.00342852124115
0.00342852124115
0.00342852124115
0.00508966382735
0.00508966382735
0.00508966382735
0.00508966382735
0.00508966382735
0.00508966382735
0.0161163027702
0.0161163027702
0.0161163027702
0.0161163027702
0.0161163027702
0.0161163027702
0.00414114821125
0.00414114821125
0.00414114821125
0.00414114821125
0.00414114821125
0.00414114821125
0.00414114821125
0.00414114821125
0.00414114821125
0.00414114821125
0.00414114821125
0.00414114821125
0.00727937511529
0.00727937511529
0.00727937511529
0.00727937511529
0.00727937511529
0.00727937511529
0.00727937511529
0.00727937511529
0.00727937511529
0.00727937511529
0.00727937511529
0.00727937511529
0.00285719966466
0.00285719966466
0.00285719966466
0.00285719966466
0.00285719966466
0.00285719966466
0.00285719966466
0.00285719966466
0.00285719966466
0.00285719966466
0.00285719966466
0.00285719966466
0.00736622862301
0.00736622862301
0.00736622862301
0.00736622862301
0.00736622862301
0.00736622862301
0.00736622862301
0.00736622862301
0.00736622862301
0.00736622862301
0.00736622862301
0.00736622862301
0.011382608926
0.011382608926
0.011382608926
0.011382608926
0.011382608926
0.011382608926
0.011382608926
0.011382608926
0.011382608926
0.011382608926
0.011382608926
0.011382608926
0.0153469037978
0.0153469037978
0.0153469037978
0.0153469037978
0.0153469037978
0.0153469037978
0.0153469037978
0.0153469037978
0.0153469037978
0.0153469037978
0.0153469037978
0.0153469037978
0.0153469037978
0.0153469037978
0.0153469037978
0.0153469037978
0.0153469037978
0.0153469037978
0.0153469037978
0.0153469037978
0.0153469037978
0.0153469037978
0.0153469037978
0.0153469037978
0.00693850487051
0.00693850487051
0.00693850487051
0.00693850487051
0.00693850487051
0.00693850487051
0.00693850487051
0.00693850487051
0.00693850487051
0.00693850487051
0.00693850487051
0.00693850487051
0.00693850487051
0.00693850487051
0.00693850487051
0.00693850487051
0.00693850487051
0.00693850487051
0.00693850487051
0.00693850487051
0.00693850487051
0.00693850487051
0.00693850487051
0.00693850487051

rule=13
locs(x)
-0.5000000000000000
-0.6895678129618210
-0.6895678129618210
0.0687034388854630
-0.6895678129618210
-0.3397546733206528
-0.9807359800380415
-0.3397546733206528
-0.3397546733206528
-0.6663871922122750
-0.3336128077877250
-0.3336128077877250
-0.6663871922122750
-0.6663871922122750
-0.3336128077877250
-0.9501524229044528
-0.0498475770955472
-0.0498475770955472
-0.9501524229044528
-0.9501524229044528
-0.0498475770955472
-0.8056047401684980
-0.1943952598315020
-0.1943952598315020
-0.8056047401684980
-0.8056047401684980
-0.1943952598315020
-0.5042814196852748
-0.5042814196852748
-0.1326935152862971
-0.8587436453431532
-0.8587436453431532
-0.5042814196852748
-0.5042814196852748
-0.1326935152862971
-0.1326935152862971
-0.8587436453431532
-0.5042814196852748
-0.5042814196852748
-0.9555368078362660
-0.9555368078362660
-0.7627270251349358
-0.7627270251349358
0.6738006408074679
0.6738006408074679
-0.9555368078362660
-0.9555368078362660
0.6738006408074679
-0.9555368078362660
-0.9555368078362660
-0.7627270251349358
-0.7854426133738932
-0.7854426133738932
0.5499606119500036
-0.9790753852022172
-0.9790753852022172
-0.7854426133738932
-0.7854426133738932
0.5499606119500036
0.5499606119500036
-0.9790753852022172
-0.7854426133738932
-0.7854426133738932
-0.6036463122320204
-0.6036463122320204
0.1751386115644107
-0.9678459871003700
-0.9678459871003700
-0.6036463122320204
-0.6036463122320204
0.1751386115644107
0.1751386115644107
-0.9678459871003700
-0.6036463122320204
-0.6036463122320204
-0.8616415130452414
-0.8616415130452414
-0.4851171072296501
-0.4851171072296501
0.2084001333201328
0.2084001333201328
-0.8616415130452414
-0.8616415130452414
0.2084001333201329
-0.8616415130452414
-0.8616415130452414
-0.4851171072296501
-0.9537705610561337
-0.9537705610561337
0.8617515855848886
-0.9542104634726212
-0.9542104634726211
-0.9537705610561337
-0.9537705610561337
0.8617515855848886
0.8617515855848886
-0.9542104634726211
-0.9537705610561337
-0.9537705610561337
-0.7669692715491856
-0.7669692715491856
-0.7642214249796078
-0.7642214249796078
0.4471426942777625
0.4471426942777625
-0.9159519977489692
-0.9159519977489692
-0.7642214249796078
-0.7642214249796078
0.4471426942777625
0.4471426942777625
-0.9159519977489692
-0.9159519977489692
-0.7669692715491856
-0.7669692715491856
0.4471426942777625
0.4471426942777625
-0.9159519977489692
-0.9159519977489692
-0.7669692715491856
-0.7669692715491856
-0.7642214249796078
-0.7642214249796078
-0.9076692479507606
-0.9076692479507606
-0.4480850298916180
-0.4480850298916180
0.3540655972045686
0.3540655972045685
-0.9983113193621900
-0.9983113193621900
-0.4480850298916180
-0.4480850298916180
0.3540655972045686
0.3540655972045686
-0.9983113193621900
-0.9983113193621900
-0.9076692479507606
-0.9076692479507605
0.3540655972045685
0.3540655972045685
-0.9983113193621900
-0.9983113193621900
-0.9076692479507606
-0.9076692479507605
-0.4480850298916180
-0.4480850298916180
-0.7236343301647425
-0.7236343301647425
-0.2822341140895960
-0.2822341140895960
-0.0302198226527337
-0.0302198226527337
-0.9639117330929278
-0.9639117330929279
-0.2822341140895960
-0.2822341140895960
-0.0302198226527337
-0.0302198226527337
-0.9639117330929278
-0.9639117330929278
-0.7236343301647425
-0.7236343301647425
-0.0302198226527337
-0.0302198226527337
-0.9639117330929279
-0.9639117330929278
-0.7236343301647425
-0.7236343301647425
-0.2822341140895960
-0.2822341140895960
locs(y)
-0.5000000000000000
-0.6895678129618210
0.0687034388854630
-0.6895678129618210
-0.6895678129618210
-0.3397546733206528
-0.3397546733206528
-0.9807359800380415
-0.3397546733206528
-0.3336128077877250
-0.6663871922122750
-0.3336128077877250
-0.6663871922122750
-0.3336128077877250
-0.6663871922122750
-0.0498475770955472
-0.9501524229044528
-0.0498475770955472
-0.9501524229044528
-0.0498475770955472
-0.9501524229044528
-0.1943952598315020
-0.8056047401684980
-0.1943952598315020
-0.8056047401684980
-0.1943952598315020
-0.8056047401684980
-0.5042814196852748
-0.1326935152862971
-0.5042814196852748
-0.5042814196852748
-0.1326935152862971
-0.8587436453431532
-0.1326935152862971
-0.8587436453431532
-0.5042814196852747
-0.5042814196852748
-0.8587436453431532
-0.5042814196852747
-0.7627270251349358
0.6738006408074679
-0.9555368078362660
0.6738006408074679
-0.9555368078362660
-0.7627270251349358
-0.9555368078362660
0.6738006408074679
-0.9555368078362660
-0.9555368078362660
-0.7627270251349358
-0.9555368078362660
-0.7854426133738932
0.5499606119500036
-0.7854426133738932
-0.7854426133738932
0.5499606119500036
-0.9790753852022172
0.5499606119500036
-0.9790753852022172
-0.7854426133738932
-0.7854426133738932
-0.9790753852022172
-0.7854426133738932
-0.6036463122320204
0.1751386115644107
-0.6036463122320204
-0.6036463122320204
0.1751386115644107
-0.9678459871003700
0.1751386115644107
-0.9678459871003700
-0.6036463122320204
-0.6036463122320204
-0.9678459871003700
-0.6036463122320204
-0.4851171072296501
0.2084001333201329
-0.8616415130452414
0.2084001333201329
-0.8616415130452414
-0.4851171072296501
-0.8616415130452414
0.2084001333201329
-0.8616415130452414
-0.8616415130452414
-0.4851171072296501
-0.8616415130452414
-0.9537705610561337
0.8617515855848886
-0.9537705610561337
-0.9537705610561337
0.8617515855848886
-0.9542104634726212
0.8617515855848885
-0.9542104634726211
-0.9537705610561337
-0.9537705610561337
-0.9542104634726211
-0.9537705610561337
-0.7642214249796078
0.4471426942777625
-0.7669692715491856
0.4471426942777625
-0.7669692715491856
-0.7642214249796078
-0.7642214249796078
0.4471426942777625
-0.9159519977489692
0.4471426942777625
-0.9159519977489692
-0.7642214249796078
-0.7669692715491856
0.4471426942777625
-0.9159519977489692
0.4471426942777625
-0.9159519977489692
-0.7669692715491856
-0.7669692715491856
-0.7642214249796078
-0.9159519977489692
-0.7642214249796078
-0.9159519977489692
-0.7669692715491856
-0.4480850298916180
0.3540655972045685
-0.9076692479507605
0.3540655972045685
-0.9076692479507606
-0.4480850298916180
-0.4480850298916180
0.3540655972045685
-0.9983113193621900
0.3540655972045685
-0.9983113193621900
-0.4480850298916180
-0.9076692479507605
0.3540655972045685
-0.9983113193621900
0.3540655972045685
-0.9983113193621899
-0.9076692479507605
-0.9076692479507606
-0.4480850298916180
-0.9983113193621900
-0.4480850298916180
-0.9983113193621899
-0.9076692479507605
-0.2822341140895960
-0.0302198226527337
-0.7236343301647425
-0.0302198226527337
-0.7236343301647425
-0.2822341140895960
-0.2822341140895960
-0.0302198226527337
-0.9639117330929278
-0.0302198226527337
-0.9639117330929279
-0.2822341140895960
-0.7236343301647425
-0.0302198226527337
-0.9639117330929278
-0.0302198226527337
-0.9639117330929278
-0.7236343301647425
-0.7236343301647425
-0.2822341140895960
-0.9639117330929279
-0.2822341140895960
-0.9639117330929278
-0.7236343301647425
locs(z)
-0.5000000000000000
0.0687034388854630
-0.6895678129618210
-0.6895678129618210
-0.6895678129618210
-0.3397546733206528
-0.3397546733206528
-0.3397546733206528
-0.9807359800380415
-0.3336128077877251
-0.3336128077877250
-0.6663871922122750
-0.3336128077877250
-0.6663871922122750
-0.6663871922122750
-0.0498475770955473
-0.0498475770955473
-0.9501524229044528
-0.0498475770955473
-0.9501524229044528
-0.9501524229044528
-0.1943952598315020
-0.1943952598315020
-0.8056047401684980
-0.1943952598315020
-0.8056047401684980
-0.8056047401684980
-0.1326935152862971
-0.5042814196852747
-0.5042814196852747
-0.1326935152862971
-0.5042814196852747
-0.1326935152862971
-0.8587436453431532
-0.5042814196852747
-0.8587436453431532
-0.5042814196852747
-0.5042814196852747
-0.8587436453431532
0.6738006408074679
-0.7627270251349358
0.6738006408074679
-0.9555368078362660
-0.7627270251349358
-0.9555368078362660
0.6738006408074679
-0.9555368078362660
-0.9555368078362660
-0.7627270251349358
-0.9555368078362660
-0.9555368078362660
0.5499606119500036
-0.7854426133738932
-0.7854426133738932
0.5499606119500036
-0.7854426133738932
0.5499606119500036
-0.9790753852022172
-0.7854426133738932
-0.9790753852022172
-0.7854426133738932
-0.7854426133738932
-0.9790753852022172
0.1751386115644107
-0.6036463122320204
-0.6036463122320204
0.1751386115644107
-0.6036463122320204
0.1751386115644107
-0.9678459871003700
-0.6036463122320204
-0.9678459871003700
-0.6036463122320204
-0.6036463122320204
-0.9678459871003700
0.2084001333201329
-0.4851171072296501
0.2084001333201329
-0.8616415130452414
-0.4851171072296502
-0.8616415130452414
0.2084001333201329
-0.8616415130452414
-0.8616415130452414
-0.4851171072296502
-0.8616415130452414
-0.8616415130452414
0.8617515855848885
-0.9537705610561337
-0.9537705610561337
0.8617515855848885
-0.9537705610561337
0.8617515855848885
-0.9542104634726212
-0.9537705610561337
-0.9542104634726211
-0.9537705610561337
-0.9537705610561337
-0.9542104634726211
0.4471426942777625
-0.7642214249796078
0.4471426942777625
-0.7669692715491856
-0.7642214249796078
-0.7669692715491856
0.4471426942777625
-0.7642214249796078
0.4471426942777625
-0.9159519977489692
-0.7642214249796078
-0.9159519977489692
0.4471426942777625
-0.7669692715491856
0.4471426942777625
-0.9159519977489692
-0.7669692715491856
-0.9159519977489692
-0.7642214249796078
-0.7669692715491856
-0.7642214249796078
-0.9159519977489692
-0.7669692715491856
-0.9159519977489692
0.3540655972045685
-0.4480850298916181
0.3540655972045685
-0.9076692479507606
-0.4480850298916180
-0.9076692479507606
0.3540655972045685
-0.4480850298916181
0.3540655972045685
-0.9983113193621900
-0.4480850298916180
-0.9983113193621899
0.3540655972045685
-0.9076692479507606
0.3540655972045685
-0.9983113193621900
-0.9076692479507605
-0.9983113193621899
-0.4480850298916180
-0.9076692479507606
-0.4480850298916180
-0.9983113193621899
-0.9076692479507605
-0.9983113193621899
-0.0302198226527337
-0.2822341140895959
-0.0302198226527337
-0.7236343301647425
-0.2822341140895960
-0.7236343301647427
-0.0302198226527337
-0.2822341140895959
-0.0302198226527337
-0.9639117330929277
-0.2822341140895959
-0.9639117330929277
-0.0302198226527337
-0.7236343301647425
-0.0302198226527337
-0.9639117330929277
-0.7236343301647427
-0.9639117330929279
-0.2822341140895960
-0.7236343301647427
-0.2822341140895959
-0.9639117330929277
-0.7236343301647427
-0.9639117330929279
weights
0.0200182503641
0.0243002790402
0.0243002790402
0.0243002790402
0.0243002790402
0.00934147895699
0.00934147895699
0.00934147895699
0.00934147895699
0.0218980663253
0.0218980663253
0.0218980663253
0.0218980663253
0.0218980663253
0.0218980663253
0.00682748012848
0.00682748012848
0.00682748012848
0.00682748012848
0.00682748012848
0.00682748012848
0.0149289315372
0.0149289315372
0.0149289315372
0.0149289315372
0.0149289315372
0.0149289315372
0.0208255329778
0.0208255329778
0.0208255329778
0.0208255329778
0.0208255329778
0.0208255329778
0.0208255329778
0.0208255329778
0.0208255329778
0.0208255329778
0.0208255329778
0.0208255329778
0.00331256401776
0.00331256401776
0.00331256401776
0.00331256401776
0.00331256401776
0.00331256401776
0.00331256401776
0.00331256401776
0.00331256401776
0.00331256401776
0.00331256401776
0.00331256401776
0.00218479804642
0.00218479804642
0.00218479804642
0.00218479804642
0.00218479804642
0.00218479804642
0.00218479804642
0.00218479804642
0.00218479804642
0.00218479804642
0.00218479804642
0.00218479804642
0.0078707072535
0.0078707072535
0.0078707072535
0.0078707072535
0.0078707072535
0.0078707072535
0.0078707072535
0.0078707072535
0.0078707072535
0.0078707072535
0.0078707072535
0.0078707072535
0.0146961099443
0.0146961099443
0.0146961099443
0.0146961099443
0.0146961099443
0.0146961099443
0.0146961099443
0.0146961099443
0.0146961099443
0.0146961099443
0.0146961099443
0.0146961099443
0.000541935786619
0.000541935786619
0.000541935786619
0.000541935786619
0.000541935786619
0.000541935786619
0.000541935786619
0.000541935786619
0.000541935786619
0.000541935786619
0.000541935786619
0.000541935786619
0.00358395996396
0.00358395996396
0.00358395996396
0.00358395996396
0.00358395996396
0.00358395996396
0.00358395996396
0.00358395996396
0.00358395996396
0.00358395996396
0.00358395996396
0.00358395996396
0.00358395996396
0.00358395996396
0.00358395996396
0.00358395996396
0.00358395996396
0.00358395996396
0.00358395996396
0.00358395996396
0.00358395996396
0.00358395996396
0.00358395996396
0.00358395996396
0.0026393397407
0.0026393397407
0.0026393397407
0.0026393397407
0.0026393397407
0.0026393397407
0.0026393397407
0.0026393397407
0.0026393397407
0.0026393397407
0.0026393397407
0.0026393397407
0.0026393397407
0.0026393397407
0.0026393397407
0.0026393397407
0.0026393397407
0.0026393397407
0.0026393397407
0.0026393397407
0.0026393397407
0.0026393397407
0.0026393397407
0.0026393397407
0.00726175890857
0.00726175890857
0.00726175890857
0.00726175890857
0.00726175890857
0.00726175890857
0.00726175890857
0.00726175890857
0.00726175890857
0.00726175890857
0.00726175890857
0.00726175890857
0.00726175890857
0.00726175890857
0.00726175890857
0.00726175890857
0.00726175890857
0.00726175890857
0.00726175890857
0.00726175890857
0.00726175890857
0.00726175890857
0.00726175890857
0.00726175890857

rule=14
locs(x)
-0.3454932749523028
-0.9635201751430915
-0.3454932749523028
-0.3454932749523028
-0.9104773910666297
-0.9104773910666297
0.7314321731998896
-0.9104773910666297
-0.8277193377951273
-0.8277193377951273
0.4831580133853819
-0.8277193377951273
-0.5824747149991354
-0.5824747149991354
-0.2525758550025938
-0.5824747149991354
-0.9717900523941581
-0.9717900523941581
0.9153701571824742
-0.9717900523941581
-0.7956693516384463
-0.7956693516384463
-0.5565540319117750
-0.5565540319117750
0.1478927351886676
0.1478927351886677
-0.7956693516384463
-0.7956693516384463
0.1478927351886677
-0.7956693516384463
-0.7956693516384463
-0.5565540319117750
-0.8147359469180830
-0.1848598966799786
-0.1848598966799786
-0.8155442597219598
-0.1848598966799786
-0.1848598966799786
-0.8155442597219598
-0.8155442597219598
-0.8147359469180830
-0.8147359469180830
-0.1848598966799786
-0.1848598966799786
-0.9686719985194393
-0.9686719985194393
-0.4652181948790095
-0.4652181948790095
0.4025621919178880
0.4025621919178881
-0.9686719985194393
-0.9686719985194394
0.4025621919178881
-0.9686719985194393
-0.9686719985194393
-0.4652181948790095
-0.5490072874949942
-0.5490072874949942
-0.0461872051158225
-0.8557982198941891
-0.8557982198941891
-0.5490072874949942
-0.5490072874949942
-0.0461872051158225
-0.0461872051158225
-0.8557982198941891
-0.5490072874949942
-0.5490072874949942
-0.5972818911752156
-0.5972818911752156
-0.2188031437437084
-0.2188031437437084
-0.2161395412231362
-0.2161395412231362
-0.9677754238579399
-0.9677754238579399
-0.2188031437437084
-0.2188031437437084
-0.2161395412231362
-0.2161395412231362
-0.9677754238579399
-0.9677754238579399
-0.5972818911752156
-0.5972818911752156
-0.2161395412231362
-0.2161395412231362
-0.9677754238579399
-0.9677754238579399
-0.5972818911752156
-0.5972818911752156
-0.2188031437437084
-0.2188031437437084
-0.9345283626365462
-0.9345283626365462
-0.7877298640021957
-0.7877298640021957
0.7150624113312876
0.7150624113312876
-0.9928041846925457
-0.9928041846925457
-0.7877298640021957
-0.7877298640021957
0.7150624113312876
0.7150624113312876
-0.9928041846925457
-0.9928041846925457
-0.9345283626365462
-0.9345283626365462
0.7150624113312876
0.7150624113312876
-0.9928041846925457
-0.9928041846925457
-0.9345283626365462
-0.9345283626365462
-0.7877298640021957
-0.7877298640021957
-0.6185601316512896
-0.6185601316512896
-0.5394158555398685
-0.5394158555398685
0.1272767463395488
0.1272767463395488
-0.9693007591483906
-0.9693007591483906
-0.5394158555398685
-0.5394158555398685
0.1272767463395488
0.1272767463395488
-0.9693007591483906
-0.9693007591483906
-0.6185601316512896
-0.6185601316512896
0.1272767463395488
0.1272767463395488
-0.9693007591483906
-0.9693007591483906
-0.6185601316512896
-0.6185601316512896
-0.5394158555398685
-0.5394158555398685
-0.5842297239539911
-0.5842297239539911
-0.3375790229613101
-0.3375790229613101
-0.2647489809348278
-0.2647489809348278
-0.8134422721498710
-0.8134422721498711
-0.3375790229613101
-0.3375790229613101
-0.2647489809348278
-0.2647489809348278
-0.8134422721498710
-0.8134422721498710
-0.5842297239539911
-0.5842297239539911
-0.2647489809348278
-0.2647489809348278
-0.8134422721498711
-0.8134422721498710
-0.5842297239539911
-0.5842297239539911
-0.3375790229613101
-0.3375790229613101
-0.8326410340815870
-0.8326410340815870
-0.6473441763961341
-0.6473441763961341
0.4384647379634590
0.4384647379634590
-0.9584795274857379
-0.9584795274857379
-0.6473441763961341
-0.6473441763961341
0.4384647379634590
0.4384647379634589
-0.9584795274857381
-0.9584795274857381
-0.8326410340815870
-0.8326410340815869
0.4384647379634590
0.4384647379634590
-0.9584795274857381
-0.9584795274857381
-0.8326410340815869
-0.8326410340815869
-0.6473441763961341
-0.6473441763961341
-0.9486684992426094
-0.9486684992426094
-0.1254218215593164
-0.1254218215593164
0.0556499904305974
0.0556499904305974
-0.9815596696286716
-0.9815596696286716
-0.1254218215593164
-0.1254218215593164
0.0556499904305973
0.0556499904305973
-0.9815596696286716
-0.9815596696286716
-0.9486684992426094
-0.9486684992426094
0.0556499904305974
0.0556499904305974
-0.9815596696286717
-0.9815596696286717
-0.9486684992426093
-0.9486684992426093
-0.1254218215593164
-0.1254218215593164
-0.8265565433355569
-0.8265565433355568
-0.3104368987656717
-0.3104368987656717
0.0967349089896381
0.0967349089896381
-0.9597414668884094
-0.9597414668884094
-0.3104368987656717
-0.3104368987656717
0.0967349089896381
0.0967349089896381
-0.9597414668884094
-0.9597414668884096
-0.8265565433355569
-0.8265565433355569
0.0967349089896381
0.0967349089896381
-0.9597414668884094
-0.9597414668884096
-0.8265565433355569
-0.8265565433355569
-0.3104368987656717
-0.3104368987656717
locs(y)
-0.3454932749523028
-0.3454932749523028
-0.9635201751430915
-0.3454932749523028
-0.9104773910666297
0.7314321731998894
-0.9104773910666297
-0.9104773910666297
-0.8277193377951273
0.4831580133853819
-0.8277193377951273
-0.8277193377951273
-0.5824747149991354
-0.2525758550025938
-0.5824747149991354
-0.5824747149991354
-0.9717900523941581
0.9153701571824742
-0.9717900523941581
-0.9717900523941581
-0.5565540319117750
0.1478927351886677
-0.7956693516384463
0.1478927351886677
-0.7956693516384463
-0.5565540319117750
-0.7956693516384463
0.1478927351886677
-0.7956693516384463
-0.7956693516384463
-0.5565540319117750
-0.7956693516384463
-0.1848598966799786
-0.8147359469180830
-0.1848598966799786
-0.1848598966799786
-0.8155442597219598
-0.1848598966799786
-0.8147359469180830
-0.1848598966799786
-0.8155442597219598
-0.1848598966799786
-0.8155442597219598
-0.8147359469180830
-0.4652181948790095
0.4025621919178881
-0.9686719985194393
0.4025621919178881
-0.9686719985194393
-0.4652181948790096
-0.9686719985194393
0.4025621919178881
-0.9686719985194393
-0.9686719985194393
-0.4652181948790096
-0.9686719985194393
-0.5490072874949942
-0.0461872051158225
-0.5490072874949942
-0.5490072874949942
-0.0461872051158225
-0.8557982198941891
-0.0461872051158225
-0.8557982198941891
-0.5490072874949941
-0.5490072874949942
-0.8557982198941891
-0.5490072874949941
-0.2188031437437084
-0.2161395412231362
-0.5972818911752156
-0.2161395412231362
-0.5972818911752156
-0.2188031437437084
-0.2188031437437084
-0.2161395412231362
-0.9677754238579399
-0.2161395412231362
-0.9677754238579399
-0.2188031437437084
-0.5972818911752156
-0.2161395412231362
-0.9677754238579399
-0.2161395412231362
-0.9677754238579399
-0.5972818911752156
-0.5972818911752156
-0.2188031437437084
-0.9677754238579399
-0.2188031437437084
-0.9677754238579399
-0.5972818911752156
-0.7877298640021957
0.7150624113312876
-0.9345283626365462
0.7150624113312876
-0.9345283626365462
-0.7877298640021957
-0.7877298640021957
0.7150624113312876
-0.9928041846925457
0.7150624113312876
-0.9928041846925457
-0.7877298640021957
-0.9345283626365462
0.7150624113312876
-0.9928041846925457
0.7150624113312876
-0.9928041846925457
-0.9345283626365462
-0.9345283626365462
-0.7877298640021957
-0.9928041846925457
-0.7877298640021957
-0.9928041846925457
-0.9345283626365462
-0.5394158555398685
0.1272767463395488
-0.6185601316512896
0.1272767463395488
-0.6185601316512896
-0.5394158555398685
-0.5394158555398685
0.1272767463395488
-0.9693007591483906
0.1272767463395488
-0.9693007591483906
-0.5394158555398685
-0.6185601316512896
0.1272767463395488
-0.9693007591483906
0.1272767463395488
-0.9693007591483906
-0.6185601316512896
-0.6185601316512896
-0.5394158555398685
-0.9693007591483906
-0.5394158555398685
-0.9693007591483906
-0.6185601316512896
-0.3375790229613102
-0.2647489809348278
-0.5842297239539911
-0.2647489809348278
-0.5842297239539911
-0.3375790229613101
-0.3375790229613102
-0.2647489809348278
-0.8134422721498711
-0.2647489809348278
-0.8134422721498710
-0.3375790229613101
-0.5842297239539911
-0.2647489809348278
-0.8134422721498711
-0.2647489809348278
-0.8134422721498709
-0.5842297239539911
-0.5842297239539911
-0.3375790229613101
-0.8134422721498710
-0.3375790229613101
-0.8134422721498709
-0.5842297239539911
-0.6473441763961341
0.4384647379634590
-0.8326410340815870
0.4384647379634590
-0.8326410340815869
-0.6473441763961341
-0.6473441763961341
0.4384647379634590
-0.9584795274857379
0.4384647379634590
-0.9584795274857381
-0.6473441763961341
-0.8326410340815870
0.4384647379634590
-0.9584795274857379
0.4384647379634590
-0.9584795274857381
-0.8326410340815869
-0.8326410340815869
-0.6473441763961341
-0.9584795274857381
-0.6473441763961341
-0.9584795274857381
-0.8326410340815869
-0.1254218215593164
0.0556499904305974
-0.9486684992426094
0.0556499904305974
-0.9486684992426093
-0.1254218215593163
-0.1254218215593164
0.0556499904305974
-0.9815596696286716
0.0556499904305974
-0.9815596696286717
-0.1254218215593164
-0.9486684992426094
0.0556499904305974
-0.9815596696286716
0.0556499904305974
-0.9815596696286717
-0.9486684992426093
-0.9486684992426093
-0.1254218215593163
-0.9815596696286717
-0.1254218215593164
-0.9815596696286717
-0.9486684992426093
-0.3104368987656717
0.0967349089896381
-0.8265565433355569
0.0967349089896381
-0.8265565433355569
-0.3104368987656717
-0.3104368987656717
0.0967349089896381
-0.9597414668884094
0.0967349089896381
-0.9597414668884094
-0.3104368987656718
-0.8265565433355569
0.0967349089896381
-0.9597414668884094
0.0967349089896381
-0.9597414668884096
-0.8265565433355569
-0.8265565433355569
-0.3104368987656717
-0.9597414668884094
-0.3104368987656718
-0.9597414668884096
-0.8265565433355569
locs(z)
-0.3454932749523028
-0.3454932749523028
-0.3454932749523028
-0.9635201751430915
0.7314321731998894
-0.9104773910666297
-0.9104773910666297
-0.9104773910666297
0.4831580133853819
-0.8277193377951273
-0.8277193377951273
-0.8277193377951273
-0.2525758550025938
-0.5824747149991354
-0.5824747149991354
-0.5824747149991354
0.9153701571824742
-0.9717900523941581
-0.9717900523941581
-0.9717900523941581
0.1478927351886677
-0.5565540319117749
0.1478927351886676
-0.7956693516384463
-0.5565540319117750
-0.7956693516384463
0.1478927351886676
-0.7956693516384463
-0.7956693516384463
-0.5565540319117750
-0.7956693516384463
-0.7956693516384463
-0.1848598966799786
-0.1848598966799786
-0.8147359469180830
-0.1848598966799786
-0.1848598966799786
-0.8155442597219598
-0.1848598966799786
-0.8147359469180830
-0.1848598966799786
-0.8155442597219598
-0.8147359469180830
-0.8155442597219598
0.4025621919178881
-0.4652181948790095
0.4025621919178881
-0.9686719985194392
-0.4652181948790096
-0.9686719985194393
0.4025621919178881
-0.9686719985194392
-0.9686719985194393
-0.4652181948790096
-0.9686719985194393
-0.9686719985194393
-0.0461872051158225
-0.5490072874949941
-0.5490072874949941
-0.0461872051158225
-0.5490072874949941
-0.0461872051158225
-0.8557982198941891
-0.5490072874949941
-0.8557982198941891
-0.5490072874949941
-0.5490072874949941
-0.8557982198941891
-0.2161395412231362
-0.2188031437437084
-0.2161395412231362
-0.5972818911752156
-0.2188031437437084
-0.5972818911752156
-0.2161395412231362
-0.2188031437437084
-0.2161395412231362
-0.9677754238579399
-0.2188031437437084
-0.9677754238579399
-0.2161395412231362
-0.5972818911752156
-0.2161395412231362
-0.9677754238579399
-0.5972818911752156
-0.9677754238579399
-0.2188031437437084
-0.5972818911752156
-0.2188031437437084
-0.9677754238579399
-0.5972818911752156
-0.9677754238579399
0.7150624113312876
-0.7877298640021957
0.7150624113312876
-0.9345283626365462
-0.7877298640021957
-0.9345283626365462
0.7150624113312876
-0.7877298640021957
0.7150624113312876
-0.9928041846925457
-0.7877298640021957
-0.9928041846925457
0.7150624113312876
-0.9345283626365462
0.7150624113312876
-0.9928041846925457
-0.9345283626365462
-0.9928041846925457
-0.7877298640021957
-0.9345283626365462
-0.7877298640021957
-0.9928041846925457
-0.9345283626365462
-0.9928041846925457
0.1272767463395488
-0.5394158555398685
0.1272767463395488
-0.6185601316512896
-0.5394158555398685
-0.6185601316512896
0.1272767463395488
-0.5394158555398685
0.1272767463395488
-0.9693007591483906
-0.5394158555398685
-0.9693007591483906
0.1272767463395488
-0.6185601316512896
0.1272767463395488
-0.9693007591483906
-0.6185601316512896
-0.9693007591483906
-0.5394158555398685
-0.6185601316512896
-0.5394158555398685
-0.9693007591483906
-0.6185601316512896
-0.9693007591483906
-0.2647489809348279
-0.3375790229613102
-0.2647489809348278
-0.5842297239539911
-0.3375790229613102
-0.5842297239539911
-0.2647489809348279
-0.3375790229613102
-0.2647489809348279
-0.8134422721498711
-0.3375790229613101
-0.8134422721498709
-0.2647489809348278
-0.5842297239539911
-0.2647489809348279
-0.8134422721498711
-0.5842297239539911
-0.8134422721498709
-0.3375790229613102
-0.5842297239539911
-0.3375790229613101
-0.8134422721498709
-0.5842297239539911
-0.8134422721498709
0.4384647379634590
-0.6473441763961341
0.4384647379634590
-0.8326410340815869
-0.6473441763961341
-0.8326410340815869
0.4384647379634590
-0.6473441763961341
0.4384647379634590
-0.9584795274857379
-0.6473441763961341
-0.9584795274857381
0.4384647379634590
-0.8326410340815869
0.4384647379634590
-0.9584795274857379
-0.8326410340815869
-0.9584795274857381
-0.6473441763961341
-0.8326410340815869
-0.6473441763961341
-0.9584795274857381
-0.8326410340815869
-0.9584795274857381
0.0556499904305974
-0.1254218215593164
0.0556499904305974
-0.9486684992426094
-0.1254218215593164
-0.9486684992426093
0.0556499904305974
-0.1254218215593164
0.0556499904305974
-0.9815596696286716
-0.1254218215593164
-0.9815596696286717
0.0556499904305974
-0.9486684992426094
0.0556499904305974
-0.9815596696286716
-0.9486684992426093
-0.9815596696286717
-0.1254218215593164
-0.9486684992426093
-0.1254218215593164
-0.9815596696286717
-0.9486684992426093
-0.9815596696286717
0.0967349089896381
-0.3104368987656718
0.0967349089896381
-0.8265565433355569
-0.3104368987656718
-0.8265565433355569
0.0967349089896381
-0.3104368987656718
0.0967349089896381
-0.9597414668884094
-0.3104368987656718
-0.9597414668884094
0.0967349089896381
-0.8265565433355569
0.0967349089896381
-0.9597414668884094
-0.8265565433355569
-0.9597414668884096
-0.3104368987656718
-0.8265565433355569
-0.3104368987656718
-0.9597414668884094
-0.8265565433355569
-0.9597414668884096
weights
0.00542015155369
0.00542015155369
0.00542015155369
0.00542015155369
0.00295271804459
0.00295271804459
0.00295271804459
0.00295271804459
0.00775125102385
0.00775125102385
0.00775125102385
0.00775125102385
0.0261673911811
0.0261673911811
0.0261673911811
0.0261673911811
0.000516765054121
0.000516765054121
0.000516765054121
0.000516765054121
0.0155239626296
0.0155239626296
0.0155239626296
0.0155239626296
0.0155239626296
0.0155239626296
0.0155239626296
0.0155239626296
0.0155239626296
0.0155239626296
0.0155239626296
0.0155239626296
0.00705205731771
0.00705205731771
0.00705205731771
0.00705205731771
0.00705205731771
0.00705205731771
0.00705205731771
0.00705205731771
0.00705205731771
0.00705205731771
0.00705205731771
0.00705205731771
0.00244144722181
0.00244144722181
0.00244144722181
0.00244144722181
0.00244144722181
0.00244144722181
0.00244144722181
0.00244144722181
0.00244144722181
0.00244144722181
0.00244144722181
0.00244144722181
0.0109995298363
0.0109995298363
0.0109995298363
0.0109995298363
0.0109995298363
0.0109995298363
0.0109995298363
0.0109995298363
0.0109995298363
0.0109995298363
0.0109995298363
0.0109995298363
0.00401323271294
0.00401323271294
0.00401323271294
0.00401323271294
0.00401323271294
0.00401323271294
0.00401323271294
0.00401323271294
0.00401323271294
0.00401323271294
0.00401323271294
0.00401323271294
0.00401323271294
0.00401323271294
0.00401323271294
0.00401323271294
0.00401323271294
0.00401323271294
0.00401323271294
0.00401323271294
0.00401323271294
0.00401323271294
0.00401323271294
0.00401323271294
0.00107295541565
0.00107295541565
0.00107295541565
0.00107295541565
0.00107295541565
0.00107295541565
0.00107295541565
0.00107295541565
0.00107295541565
0.00107295541565
0.00107295541565
0.00107295541565
0.00107295541565
0.00107295541565
0.00107295541565
0.00107295541565
0.00107295541565
0.00107295541565
0.00107295541565
0.00107295541565
0.00107295541565
0.00107295541565
0.00107295541565
0.00107295541565
0.0039800550118
0.0039800550118
0.0039800550118
0.0039800550118
0.0039800550118
0.0039800550118
0.0039800550118
0.0039800550118
0.0039800550118
0.0039800550118
0.0039800550118
0.0039800550118
0.0039800550118
0.0039800550118
0.0039800550118
0.0039800550118
0.0039800550118
0.0039800550118
0.0039800550118
0.0039800550118
0.0039800550118
0.0039800550118
0.0039800550118
0.0039800550118
0.00758613365583
0.00758613365583
0.00758613365583
0.00758613365583
0.00758613365583
0.00758613365583
0.00758613365583
0.00758613365583
0.00758613365583
0.00758613365583
0.00758613365583
0.00758613365583
0.00758613365583
0.00758613365583
0.00758613365583
0.00758613365583
0.00758613365583
0.00758613365583
0.00758613365583
0.00758613365583
0.00758613365583
0.00758613365583
0.00758613365583
0.00758613365583
0.00554544878381
0.00554544878381
0.00554544878381
0.00554544878381
0.00554544878381
0.00554544878381
0.00554544878381
0.00554544878381
0.00554544878381
0.00554544878381
0.00554544878381
0.00554544878381
0.00554544878381
0.00554544878381
0.00554544878381
0.00554544878381
0.00554544878381
0.00554544878381
0.00554544878381
0.00554544878381
0.00554544878381
0.00554544878381
0.00554544878381
0.00554544878381
0.000970985227276
0.000970985227276
0.000970985227276
0.000970985227276
0.000970985227276
0.000970985227276
0.000970985227276
0.000970985227276
0.000970985227276
0.000970985227276
0.000970985227276
0.000970985227276
0.000970985227276
0.000970985227276
0.000970985227276
0.000970985227276
0.000970985227276
0.000970985227276
0.000970985227276
0.000970985227276
0.000970985227276
0.000970985227276
0.000970985227276
0.000970985227276
0.00724353343599
0.00724353343599
0.00724353343599
0.00724353343599
0.00724353343599
0.00724353343599
0.00724353343599
0.00724353343599
0.00724353343599
0.00724353343599
0.00724353343599
0.00724353343599
0.00724353343599
0.00724353343599
0.00724353343599
0.00724353343599
0.00724353343599
0.00724353343599
0.00724353343599
0.00724353343599
0.00724353343599
0.00724353343599
0.00724353343599
0.00724353343599

