n_pts=2
locs
-0.577350269189626
0.577350269189626
weights
1.0
1.0

n_pts=3
locs
-0.774596669241483
-0E-15
0.774596669241483
weights
0.555555555556
0.888888888889
0.555555555556

n_pts=4
locs
-0.861136311594053
-0.339981043584856
0.339981043584856
0.861136311594053
weights
0.347854845137
0.652145154863
0.652145154863
0.347854845137

n_pts=5
locs
-0.906179845938664
-0.538469310105683
-0E-15
0.538469310105683
0.906179845938664
weights
0.236926885056
0.478628670499
0.568888888889
0.478628670499
0.236926885056

n_pts=6
locs
-0.932469514203152
-0.661209386466264
-0.238619186083197
0.238619186083197
0.661209386466265
0.932469514203152
weights
0.171324492379
0.360761573048
0.467913934573
0.467913934573
0.360761573048
0.171324492379

n_pts=7
locs
-0.949107912342758
-0.741531185599395
-0.405845151377397
0E-15
0.405845151377397
0.741531185599394
0.949107912342758
weights
0.129484966169
0.279705391489
0.381830050505
0.417959183673
0.381830050505
0.279705391489
0.129484966169

n_pts=8
locs
-0.960289856497536
-0.796666477413627
-0.525532409916329
-0.183434642495650
0.183434642495650
0.525532409916329
0.796666477413627
0.960289856497536
weights
0.10122853629
0.222381034453
0.313706645878
0.362683783378
0.362683783378
0.313706645878
0.222381034453
0.10122853629

n_pts=9
locs
-0.968160239507626
-0.836031107326636
-0.613371432700591
-0.324253423403809
0E-15
0.324253423403809
0.613371432700591
0.836031107326636
0.968160239507626
weights
0.0812743883616
0.180648160695
0.260610696403
0.31234707704
0.330239355001
0.31234707704
0.260610696403
0.180648160695
0.0812743883616

n_pts=10
locs
-0.973906528517172
-0.865063366688985
-0.679409568299024
-0.433395394129247
-0.148874338981631
0.148874338981632
0.433395394129247
0.679409568299024
0.865063366688984
0.973906528517171
weights
0.0666713443087
0.149451349151
0.219086362516
0.26926671931
0.295524224715
0.295524224715
0.26926671931
0.219086362516
0.149451349151
0.0666713443087

n_pts=11
locs
-0.978228658146057
-0.887062599768095
-0.730152005574049
-0.519096129206812
-0.269543155952345
-0E-15
0.269543155952345
0.519096129206812
0.730152005574049
0.887062599768095
0.978228658146057
weights
0.0556685671162
0.125580369465
0.186290210928
0.233193764592
0.26280454451
0.272925086778
0.26280454451
0.233193764592
0.186290210928
0.125580369465
0.0556685671162

n_pts=12
locs
-0.981560634246719
-0.904117256370475
-0.769902674194305
-0.587317954286617
-0.367831498998180
-0.125233408511469
0.125233408511469
0.367831498998180
0.587317954286618
0.769902674194305
0.904117256370475
0.981560634246719
weights
0.0471753363865
0.106939325995
0.160078328543
0.203167426723
0.233492536538
0.249147045813
0.249147045813
0.233492536538
0.203167426723
0.160078328543
0.106939325995
0.0471753363865

